200 200 500
180 492
131 293
110 6
150 600
147 78
18 48
157 353
36 64
106 333
117 663
181 42
189 650
89 147
74 912
105 917
100 903
42 55
88 549
200 31
175 412
32 275
52 615
83 801
170 837
121 945
168 155
161 793
88 313
196 526
46 420
29 703
192 41
149 797
93 552
9 654
121 8
45 228
143 669
71 354
52 440
14 869
150 530
53 29
100 93
75 269
189 991
119 547
42 680
27 343
11 479
39 370
119 526
178 705
136 415
20 463
40 864
119 807
174 344
197 111
12 811
20 377
42 20
6 816
101 376
193 218
179 306
22 472
116 895
32 531
56 282
37 388
85 137
1 282
60 259
166 769
13 564
117 293
123 456
31 62
184 599
62 708
148 477
120 4
138 386
53 849
112 972
77 697
78 611
12 870
63 1
14 82
183 758
110 491
61 669
181 52
78 455
137 895
12 53
115 762
124 772
31 89
105 913
187 309
161 396
135 851
164 681
118 813
102 586
24 997
12 977
32 719
108 181
107 155
128 902
57 140
5 184
174 159
162 608
96 989
184 403
188 428
77 897
105 876
45 349
185 397
69 88
73 367
76 978
139 479
128 981
8 690
149 348
118 985
63 919
57 393
187 195
1 884
75 239
45 884
61 106
86 82
138 609
152 593
61 47
33 429
45 276
141 218
85 191
184 834
107 329
31 801
47 704
152 639
94 626
90 149
109 779
88 339
169 320
35 588
124 216
126 877
72 35
8 92
116 93
133 692
44 402
166 982
71 745
139 131
114 782
91 654
171 350
43 246
146 560
97 939
34 128
7 746
163 180
189 180
178 90
141 832
180 158
94 182
148 770
195 192
114 808
52 345
60 499
102 828
85 658
23 50
82 162
37 604
29 530
25 584
153 37
109 250
70 715
20 805
59 493
