200 200 500
50 862
113 258
199 281
152 856
112 180
127 136
104 444
144 373
118 986
5 786
30 908
119 195
98 785
31 719
119 106
141 258
192 979
14 424
56 145
182 710
101 123
145 817
4 2
92 487
151 852
8 518
103 754
148 739
50 181
171 228
119 795
7 682
55 996
68 9
107 999
80 843
169 118
47 282
1 634
157 90
30 625
157 121
185 956
182 795
32 760
35 148
51 46
108 371
124 601
46 574
171 172
168 568
37 877
26 473
195 640
58 48
171 710
42 363
20 833
96 239
3 430
4 573
7 486
154 470
60 420
106 57
146 612
166 946
20 33
87 211
88 774
172 844
51 341
79 801
140 453
80 348
159 468
190 632
92 5
131 780
155 617
123 132
92 626
139 949
31 808
173 89
94 405
143 894
55 432
140 839
99 145
189 70
61 312
147 342
36 217
163 670
168 244
5 594
102 279
129 901
47 707
67 238
152 25
79 781
54 915
136 831
116 330
80 868
134 297
102 159
189 214
78 242
57 4
10 274
43 786
127 214
135 613
91 92
170 458
185 663
87 359
86 3
173 44
175 180
187 702
118 126
72 846
166 314
4 322
135 752
171 697
115 301
88 386
37 723
131 658
57 528
94 77
154 630
115 948
5 637
66 232
99 741
161 812
135 773
121 181
123 144
165 293
54 47
35 510
169 247
101 103
146 560
72 962
180 595
58 969
159 855
138 775
62 125
164 295
33 939
41 641
137 506
200 77
138 109
134 717
183 768
188 70
61 621
194 749
120 892
38 530
98 811
107 222
194 372
53 521
138 526
103 720
156 73
50 311
86 663
153 331
164 144
173 266
167 861
190 701
2 457
146 388
40 43
158 994
23 745
95 337
102 430
39 976
159 900
191 757
127 425
7 429
51 627
162 776
94 989
