100
80
19 799
450 696
371 515
690 -1
2 -1
214 380
275 551
95 291
658 -1
131 458
348 404
487 919
55 895
344 -1
503 933
85 601
464 833
206 350
285 322
383 552
186 354
112 787
710 728
169 837
236 262
285 -1
211 904
86 235
913 -1
664 -1
194 771
149 164
130 -1
377 774
52 844
415 835
400 922
864 -1
251 730
410 502
83 330
911 920
487 744
40 192
368 374
748 783
660 -1
344 347
328 761
547 881
362 549
113 974
45 698
911 -1
114 246
17 241
179 550
493 997
82 308
991 -1
5 56
493 -1
927 966
5 -1
603 833
711 839
690 -1
170 -1
395 433
378 591
27 279
255 485
71 681
165 539
226 -1
135 -1
177 603
387 709
256 615
802 923
253 437
639 640
178 -1
185 931
490 949
722 865
151 285
141 459
382 735
497 964
61 809
579 917
285 -1
28 73
157 -1
486 687
560 650
135 706
467 482
675 693
