20
19
35 16 57 52 44 30 56 44 2 16 37 60 50 15 8 24 32 54 23
13
63 61 28 41 63 45 59 29 53 27 4 18 45
15
9 39 34 23 24 28 37 24 31 10 28 34 4 9 63
1
61
9
55 57 10 56 49 37 26 60 8
10
3 21 61 23 63 39 56 9 38 62
2
35 19
20
38 10 13 55 46 39 54 10 10 27 35 18 58 33 47 22 1 55 30 42
16
7 62 39 1 41 7 9 47 10 10 2 10 36 28 42 43
13
10 27 32 13 52 56 2 12 6 37 39 24 62
7
25 63 8 42 32 12 4
7
37 7 56 46 46 44 30
9
4 39 26 63 14 8 29 55 34
6
52 39 44 46 43 60
15
20 42 38 46 37 37 30 48 26 56 36 38 28 6 57
2
58 44
14
58 19 48 23 18 43 24 12 34 50 45 15 30 51
16
35 44 60 19 21 54 57 12 3 16 61 23 14 61 21 8
2
46 7
20
56 9 31 0 58 14 14 16 15 11 28 8 22 9 24 39 17 40 26 42
