20
8
4 24 9 5 20 48 44 24
11
41 9 45 36 8 51 25 3 25 54 36
15
16 4 55 7 34 24 54 63 26 23 21 7 17 41 50
13
5 24 24 5 56 15 62 5 60 36 24 52 17
2
23 40
13
1 0 16 58 29 20 49 17 23 15 44 20 49
19
33 49 34 19 2 23 28 1 19 44 14 41 35 58 60 33 9 26 13
15
51 62 16 36 36 24 8 33 6 56 21 36 61 41 13
19
6 14 6 17 30 27 34 60 6 48 37 39 57 17 0 31 3 48 7
3
57 25 34
19
56 39 49 23 63 50 43 49 54 10 21 51 49 9 45 36 15 53 58
11
28 30 62 15 5 8 1 13 0 38 19
16
22 57 20 35 20 43 4 22 1 39 40 49 51 40 58 53
15
2 36 25 34 50 15 52 8 25 2 22 28 60 47 8
15
13 22 25 28 52 12 16 52 26 46 18 9 16 31 18
2
3 11
2
20 52
2
33 32
4
60 53 52 26
5
12 44 47 52 15
