500
500
187 -1
429 -1
984 -1
572 -1
718 -1
162 -1
355 -1
922 -1
180 -1
457 -1
881 -1
946 -1
105 -1
273 -1
3 -1
891 -1
290 -1
281 -1
598 -1
432 -1
279 -1
471 -1
123 -1
212 -1
290 -1
975 -1
796 -1
438 -1
43 -1
371 -1
229 -1
121 -1
912 -1
317 -1
41 -1
445 -1
307 -1
777 -1
336 -1
320 -1
699 -1
617 -1
231 -1
375 -1
378 -1
582 -1
361 -1
194 -1
979 -1
158 -1
921 -1
408 -1
613 -1
642 -1
304 -1
928 -1
766 -1
462 -1
907 -1
830 -1
188 -1
376 -1
556 -1
495 -1
786 -1
894 -1
732 -1
325 -1
612 -1
782 -1
722 -1
249 -1
362 -1
993 -1
951 -1
87 -1
820 -1
460 -1
643 -1
117 -1
938 -1
956 -1
200 -1
391 -1
257 -1
108 -1
701 -1
412 -1
887 -1
952 -1
21 -1
682 -1
400 -1
878 -1
653 -1
932 -1
170 -1
270 -1
929 -1
428 -1
471 -1
398 -1
281 -1
105 -1
93 -1
486 -1
684 -1
375 -1
935 -1
498 -1
968 -1
674 -1
460 -1
201 -1
556 -1
719 -1
808 -1
442 -1
166 -1
255 -1
452 -1
571 -1
700 -1
971 -1
714 -1
775 -1
283 -1
410 -1
142 -1
653 -1
736 -1
691 -1
22 -1
675 -1
182 -1
755 -1
247 -1
48 -1
401 -1
841 -1
954 -1
548 -1
530 -1
462 -1
389 -1
427 -1
284 -1
279 -1
4 -1
793 -1
47 -1
309 -1
397 -1
964 -1
214 -1
865 -1
294 -1
220 -1
897 -1
935 -1
778 -1
125 -1
591 -1
431 -1
74 -1
5 -1
512 -1
330 -1
328 -1
183 -1
104 -1
398 -1
209 -1
807 -1
239 -1
628 -1
971 -1
363 -1
440 -1
289 -1
583 -1
112 -1
450 -1
761 -1
124 -1
294 -1
858 -1
45 -1
547 -1
952 -1
254 -1
134 -1
222 -1
513 -1
375 -1
750 -1
104 -1
759 -1
789 -1
154 -1
648 -1
628 -1
747 -1
728 -1
352 -1
959 -1
185 -1
824 -1
667 -1
196 -1
625 -1
256 -1
8 -1
525 -1
778 -1
613 -1
122 -1
138 -1
401 -1
760 -1
46 -1
456 -1
905 -1
358 -1
217 -1
207 -1
968 -1
634 -1
142 -1
210 -1
529 -1
621 -1
363 -1
851 -1
529 -1
764 -1
417 -1
579 -1
373 -1
466 -1
538 -1
357 -1
402 -1
248 -1
839 -1
988 -1
989 -1
132 -1
942 -1
125 -1
341 -1
155 -1
28 -1
246 -1
212 -1
435 -1
288 -1
805 -1
914 -1
708 -1
488 -1
193 -1
726 -1
948 -1
468 -1
713 -1
313 -1
832 -1
506 -1
29 -1
581 -1
892 -1
774 -1
453 -1
156 -1
857 -1
494 -1
374 -1
523 -1
460 -1
737 -1
84 -1
405 -1
330 -1
439 -1
986 -1
959 -1
749 -1
938 -1
460 -1
242 -1
654 -1
924 -1
735 -1
207 -1
31 -1
292 -1
307 -1
709 -1
564 -1
425 -1
836 -1
761 -1
756 -1
594 -1
651 -1
301 -1
443 -1
930 -1
503 -1
448 -1
355 -1
660 -1
800 -1
59 -1
57 -1
138 -1
621 -1
774 -1
857 -1
243 -1
464 -1
625 -1
230 -1
852 -1
823 -1
943 -1
315 -1
757 -1
274 -1
924 -1
388 -1
983 -1
683 -1
393 -1
800 -1
623 -1
347 -1
214 -1
558 -1
966 -1
749 -1
5 -1
340 -1
57 -1
943 -1
928 -1
960 -1
205 -1
66 -1
789 -1
152 -1
92 -1
149 -1
165 -1
86 -1
718 -1
575 -1
258 -1
194 -1
515 -1
136 -1
2 -1
909 -1
78 -1
72 -1
478 -1
256 -1
617 -1
383 -1
512 -1
458 -1
798 -1
884 -1
409 -1
701 -1
764 -1
433 -1
350 -1
632 -1
150 -1
177 -1
803 -1
850 -1
735 -1
228 -1
404 -1
543 -1
194 -1
900 -1
340 -1
336 -1
569 -1
654 -1
593 -1
804 -1
525 -1
234 -1
860 -1
18 -1
181 -1
686 -1
524 -1
836 -1
793 -1
511 -1
88 -1
528 -1
681 -1
789 -1
365 -1
355 -1
394 -1
541 -1
603 -1
35 -1
608 -1
572 -1
515 -1
373 -1
309 -1
393 -1
965 -1
502 -1
608 -1
336 -1
648 -1
100 -1
404 -1
26 -1
977 -1
435 -1
388 -1
802 -1
450 -1
279 -1
936 -1
393 -1
34 -1
191 -1
372 -1
988 -1
45 -1
359 -1
664 -1
898 -1
656 -1
854 -1
975 -1
908 -1
657 -1
105 -1
106 -1
893 -1
169 -1
360 -1
1 -1
309 -1
447 -1
968 -1
600 -1
129 -1
660 -1
113 -1
646 -1
527 -1
854 -1
420 -1
90 -1
811 -1
346 -1
305 -1
646 -1
807 -1
902 -1
371 -1
258 -1
639 -1
850 -1
915 -1
834 -1
861 -1
633 -1
318 -1
70 -1
749 -1
413 -1
784 -1
222 -1
304 -1
943 -1
654 -1
147 -1
893 -1
856 -1
300 -1
830 -1
153 -1
263 -1
50 -1
