500
500
488 488
883 -1
875 875
81 81
528 528
588 588
310 -1
363 363
764 -1
773 773
958 -1
545 545
761 -1
108 -1
625 625
986 986
314 314
496 496
813 813
480 -1
663 -1
777 777
849 849
418 -1
834 834
168 168
854 -1
177 177
24 -1
318 -1
631 -1
698 -1
449 449
238 -1
825 -1
318 318
107 -1
816 816
705 -1
568 568
341 341
872 -1
294 294
693 693
621 -1
306 -1
933 -1
514 -1
825 825
162 162
843 843
873 873
472 472
3 -1
324 -1
895 -1
967 -1
196 -1
807 -1
848 848
282 282
561 561
311 311
45 -1
813 813
709 709
35 35
377 -1
2 -1
594 594
910 -1
899 -1
978 978
426 426
533 533
207 207
878 878
249 249
683 -1
221 -1
816 816
713 -1
234 -1
139 -1
243 -1
983 983
617 617
257 257
402 402
535 -1
430 -1
845 845
232 -1
852 852
992 -1
570 570
245 -1
182 182
381 381
23 23
939 -1
287 287
18 -1
759 759
675 -1
379 -1
313 313
929 929
591 -1
342 342
807 807
111 -1
695 695
993 993
930 930
952 952
920 -1
17 17
85 85
698 698
322 322
884 -1
563 563
275 275
1000 1000
139 -1
14 14
350 350
224 224
620 620
449 449
979 -1
609 609
627 627
949 949
707 -1
202 -1
601 -1
563 -1
571 -1
210 210
377 377
218 218
845 -1
717 717
15 -1
654 -1
418 418
619 619
718 -1
459 459
624 -1
656 656
366 -1
382 382
452 452
857 -1
201 201
993 993
112 112
333 333
486 -1
548 548
791 791
785 785
704 704
284 284
329 329
405 405
803 -1
186 186
802 -1
905 905
109 109
875 875
649 -1
172 172
33 33
353 -1
555 555
1000 -1
813 -1
878 -1
977 977
933 933
257 257
820 820
167 167
523 -1
435 -1
102 -1
123 123
383 -1
254 254
379 379
364 364
103 103
29 -1
843 -1
986 -1
308 308
192 -1
378 -1
834 -1
207 207
204 204
328 328
8 -1
871 871
414 414
121 121
25 25
346 -1
106 106
736 736
338 338
303 303
840 840
393 393
551 -1
108 108
366 366
560 -1
556 556
841 841
886 -1
556 -1
634 634
617 617
623 -1
295 295
45 45
967 967
616 616
754 -1
329 -1
436 436
247 -1
368 -1
73 -1
892 892
683 683
935 935
283 -1
73 73
757 757
575 -1
872 872
381 -1
473 -1
155 155
863 -1
259 259
755 755
683 683
943 -1
516 -1
228 228
847 -1
595 -1
622 622
126 126
518 518
593 -1
366 -1
822 822
380 380
314 314
799 -1
486 486
479 -1
359 359
437 437
746 -1
920 -1
117 -1
140 -1
599 599
22 22
994 -1
168 168
620 620
199 -1
16 -1
992 -1
780 -1
374 374
90 -1
707 707
193 193
639 639
730 -1
632 -1
969 -1
66 66
890 890
3 3
321 -1
109 -1
44 -1
559 559
588 -1
366 366
589 589
973 973
963 963
417 -1
995 -1
234 234
158 158
181 -1
183 -1
428 428
156 -1
367 367
230 -1
706 706
576 576
506 506
908 908
363 363
823 -1
2 -1
729 -1
431 431
14 -1
463 463
876 876
502 -1
549 549
678 -1
487 487
777 777
288 -1
544 -1
987 -1
496 496
964 964
663 663
789 -1
552 552
746 746
996 996
30 30
934 -1
63 63
906 906
594 -1
878 -1
972 972
910 910
369 -1
415 415
549 549
321 -1
848 -1
294 -1
337 337
785 785
791 791
884 -1
528 528
529 529
926 926
87 87
237 237
186 -1
543 543
344 -1
536 -1
780 -1
190 -1
928 928
260 -1
898 -1
730 730
267 -1
323 323
844 -1
439 439
310 310
96 -1
858 858
456 456
259 -1
303 -1
705 705
569 -1
5 -1
185 -1
264 264
161 161
223 223
691 691
257 257
191 191
309 309
369 369
208 208
568 568
800 -1
247 247
267 267
504 504
182 182
285 285
34 34
419 -1
944 944
278 278
62 -1
208 208
100 -1
921 921
533 533
165 165
237 237
389 -1
306 306
587 587
178 178
444 444
789 789
466 466
40 40
571 571
231 231
369 -1
839 -1
381 -1
552 552
152 152
818 818
734 734
758 758
766 766
671 -1
273 273
759 759
341 -1
203 203
840 -1
354 354
117 117
79 -1
40 40
340 340
355 355
83 83
791 791
719 -1
372 372
179 179
887 887
747 747
208 -1
484 -1
664 664
936 936
824 824
125 125
331 -1
204 204
376 376
421 -1
256 256
947 947
500 500
687 -1
658 -1
443 443
241 -1
749 749
466 466
241 241
403 -1
367 -1
373 -1
506 506
408 408
774 774
955 955
755 755
410 -1
661 661
930 930
376 -1
249 -1
440 -1
869 -1
462 -1
979 -1
203 203
514 514
786 786
94 94
570 570
124 124
505 505
297 -1
