500
500
451 451
72 72
216 216
601 601
431 431
326 326
614 614
774 774
459 459
130 130
241 241
523 523
130 130
519 519
726 726
722 722
309 309
969 969
584 584
189 189
210 210
668 668
498 498
390 390
243 243
188 188
752 752
835 835
864 864
177 177
427 427
19 19
51 51
225 225
398 398
1000 1000
740 740
130 130
855 855
656 656
5 5
418 418
918 918
430 430
743 743
501 501
719 719
634 634
625 625
806 806
671 671
281 281
177 177
278 278
229 229
1000 1000
253 253
903 903
916 916
415 415
644 644
337 337
241 241
761 761
928 928
389 389
509 509
228 228
502 502
406 406
778 778
81 81
868 868
762 762
335 335
303 303
519 519
418 418
894 894
511 511
374 374
462 462
393 393
870 870
552 552
741 741
881 881
889 889
230 230
156 156
939 939
270 270
131 131
257 257
394 394
235 235
751 751
764 764
635 635
818 818
337 337
888 888
499 499
511 511
654 654
721 721
722 722
201 201
776 776
399 399
39 39
140 140
53 53
433 433
672 672
954 954
722 722
126 126
666 666
790 790
616 616
319 319
609 609
314 314
761 761
418 418
451 451
391 391
202 202
421 421
112 112
970 970
272 272
594 594
360 360
580 580
414 414
643 643
448 448
38 38
807 807
489 489
214 214
275 275
213 213
985 985
714 714
856 856
29 29
500 500
719 719
885 885
653 653
856 856
351 351
256 256
865 865
299 299
45 45
976 976
414 414
574 574
15 15
942 942
10 10
82 82
622 622
863 863
53 53
451 451
894 894
877 877
296 296
368 368
146 146
665 665
906 906
551 551
38 38
133 133
413 413
592 592
838 838
663 663
590 590
677 677
680 680
314 314
582 582
164 164
439 439
600 600
33 33
429 429
35 35
996 996
463 463
435 435
892 892
385 385
64 64
799 799
880 880
379 379
874 874
231 231
513 513
419 419
860 860
52 52
710 710
466 466
929 929
334 334
293 293
673 673
352 352
522 522
352 352
639 639
817 817
972 972
471 471
806 806
235 235
819 819
28 28
256 256
469 469
751 751
41 41
675 675
326 326
399 399
453 453
512 512
333 333
425 425
24 24
1000 1000
636 636
775 775
187 187
197 197
734 734
967 967
980 980
745 745
797 797
464 464
826 826
371 371
527 527
395 395
177 177
854 854
585 585
138 138
458 458
867 867
59 59
285 285
314 314
332 332
232 232
732 732
41 41
908 908
828 828
874 874
99 99
283 283
13 13
960 960
642 642
833 833
492 492
81 81
169 169
384 384
646 646
876 876
708 708
452 452
849 849
896 896
609 609
380 380
403 403
221 221
436 436
995 995
450 450
600 600
785 785
918 918
857 857
704 704
351 351
273 273
212 212
270 270
216 216
355 355
639 639
846 846
730 730
701 701
146 146
776 776
636 636
57 57
867 867
318 318
444 444
322 322
176 176
503 503
129 129
601 601
54 54
168 168
670 670
504 504
345 345
631 631
916 916
935 935
261 261
79 79
557 557
190 190
980 980
924 924
167 167
720 720
657 657
657 657
314 314
902 902
625 625
983 983
501 501
950 950
917 917
302 302
444 444
737 737
123 123
79 79
711 711
928 928
119 119
574 574
479 479
690 690
728 728
299 299
921 921
299 299
577 577
552 552
35 35
131 131
202 202
536 536
430 430
879 879
971 971
936 936
682 682
272 272
303 303
299 299
1000 1000
193 193
62 62
233 233
664 664
843 843
782 782
305 305
301 301
573 573
44 44
916 916
475 475
649 649
772 772
652 652
678 678
914 914
374 374
161 161
659 659
260 260
294 294
993 993
551 551
472 472
776 776
416 416
96 96
581 581
312 312
779 779
42 42
167 167
910 910
166 166
145 145
843 843
246 246
634 634
803 803
55 55
467 467
579 579
353 353
843 843
259 259
605 605
274 274
728 728
15 15
942 942
335 335
791 791
132 132
927 927
420 420
161 161
988 988
208 208
5 5
910 910
699 699
826 826
934 934
558 558
367 367
664 664
269 269
920 920
567 567
611 611
546 546
886 886
395 395
364 364
929 929
797 797
686 686
167 167
296 296
711 711
320 320
115 115
791 791
65 65
328 328
489 489
667 667
897 897
843 843
375 375
961 961
978 978
630 630
602 602
791 791
672 672
796 796
716 716
1 1
56 56
390 390
613 613
792 792
440 440
920 920
536 536
796 796
626 626
910 910
985 985
796 796
587 587
86 86
155 155
10 10
133 133
260 260
547 547
125 125
967 967
416 416
514 514
822 822
28 28
