100
65
678 815
589 -1
604 931
619 744
521 -1
568 977
744 911
870 880
802 955
538 699
845 986
671 758
870 952
537 916
863 940
529 -1
582 872
825 970
544 722
557 785
722 859
604 987
796 878
665 983
653 667
556 976
575 730
667 -1
884 -1
509 550
970 972
821 903
763 878
683 -1
643 -1
553 845
506 943
591 933
612 691
917 -1
686 987
832 937
581 -1
838 863
557 758
562 595
709 716
632 958
858 -1
696 833
778 799
500 853
580 751
943 -1
531 633
634 -1
564 582
845 994
842 -1
512 927
764 860
848 -1
606 733
627 808
783 -1
710 735
974 -1
734 964
539 902
708 818
764 -1
692 920
893 -1
574 733
789 -1
899 971
764 968
658 854
672 842
648 916
576 973
929 966
624 964
911 -1
591 720
670 934
609 759
990 -1
626 699
756 902
532 658
678 776
574 911
803 987
568 675
550 684
740 751
629 805
586 621
661 859
