100
30
158 260
214 701
448 516
193 925
222 372
325 419
192 680
52 712
750 865
409 445
98 304
694 802
100 452
446 562
232 986
27 723
475 675
404 497
99 743
274 402
81 703
134 147
493 551
504 821
192 688
503 958
432 500
761 917
26 207
152 292
443 891
635 811
73 241
539 645
679 961
115 380
343 475
445 499
620 773
218 589
475 911
94 903
824 833
628 902
35 930
592 807
778 811
279 402
73 112
153 308
166 598
436 773
113 200
263 996
611 732
148 871
287 815
126 989
365 438
274 392
395 585
604 845
970 977
226 799
374 778
269 687
622 757
5 819
63 417
486 907
876 904
757 843
443 860
86 722
216 700
173 708
708 841
225 444
284 676
109 371
606 794
569 825
387 604
303 331
147 220
32 311
210 783
100 926
575 739
60 639
100 791
260 336
85 736
232 300
194 478
657 967
377 660
117 171
158 878
976 993
