100
65
150 727
85 973
549 685
57 819
776 937
32 163
333 826
67 217
184 199
436 937
743 880
16 59
299 638
91 457
176 747
322 337
307 973
76 407
118 908
350 653
680 784
303 501
236 502
107 456
342 500
211 738
370 507
10 652
64 448
84 654
465 785
425 604
508 883
246 863
109 567
79 910
422 916
32 270
383 587
240 301
118 181
811 817
354 829
752 791
892 949
110 771
51 979
843 875
492 567
74 310
209 787
158 546
95 477
233 771
410 681
96 576
645 848
98 856
701 793
29 90
235 388
535 912
241 718
359 379
351 920
36 979
11 537
880 919
645 810
66 783
176 599
264 554
237 827
471 880
236 1000
485 563
550 890
347 774
140 763
169 641
136 600
452 485
903 969
176 197
233 555
71 216
471 484
510 753
51 978
217 622
111 692
663 982
399 475
6 943
288 560
289 648
10 482
546 792
351 901
525 611
