100
80
548 849
526 901
709 982
504 528
563 600
550 843
812 987
725 932
560 836
587 934
835 863
791 967
724 973
667 687
704 737
552 780
821 891
676 973
783 901
644 998
521 806
611 942
523 537
733 795
844 976
805 901
870 877
928 935
637 717
719 764
672 720
576 597
738 999
581 885
632 645
563 934
729 920
756 855
846 898
518 649
753 913
626 677
759 854
600 630
568 659
762 851
663 830
690 881
728 983
507 706
616 666
570 770
810 948
588 781
538 659
572 890
512 633
589 726
698 733
800 909
674 847
600 773
870 915
789 818
693 912
701 836
667 818
591 734
568 805
560 655
781 796
878 988
754 871
768 955
523 620
514 903
608 980
500 988
759 960
732 735
695 697
582 673
520 830
509 993
789 799
622 639
849 1000
543 856
819 956
520 915
681 711
544 729
518 714
609 710
554 954
534 722
585 931
693 833
564 640
616 692
