100
50
533 958
616 784
675 816
653 984
735 993
777 872
570 685
605 800
800 933
560 941
734 910
563 765
868 996
720 732
509 928
567 701
815 885
662 774
599 724
542 669
774 949
715 932
611 642
519 675
655 867
571 586
789 807
635 839
734 863
672 714
768 965
597 890
520 722
637 971
529 713
691 864
578 635
959 987
536 691
515 740
642 788
753 998
575 692
640 653
677 735
568 680
508 640
740 767
743 948
509 933
627 746
518 640
576 974
836 932
834 949
571 987
877 892
518 891
709 897
562 630
763 998
561 864
689 859
977 997
639 744
783 850
515 988
663 782
661 685
619 820
830 947
575 882
625 999
668 783
811 815
732 958
697 747
749 855
808 847
644 908
539 755
790 891
597 998
754 856
563 962
500 819
559 562
585 787
905 927
650 675
562 853
777 805
536 840
922 968
553 988
541 962
503 638
636 803
608 860
964 980
