100
50
375 612
726 766
536 559
768 874
425 812
168 467
60 864
486 635
594 767
468 -1
777 -1
315 532
574 -1
407 962
55 -1
441 878
118 309
167 939
661 873
285 306
608 703
382 474
237 -1
277 305
302 913
66 151
514 562
445 498
489 628
864 970
315 417
206 396
58 542
541 845
590 -1
254 480
180 830
671 735
340 536
29 488
596 804
396 523
196 573
297 764
627 638
285 771
70 408
130 790
424 448
241 699
18 36
162 834
451 847
293 657
412 498
471 796
368 803
57 -1
310 684
513 -1
825 963
575 700
106 497
435 899
662 -1
636 -1
101 322
557 846
655 973
75 505
54 -1
90 726
324 877
199 -1
838 -1
487 725
155 965
802 -1
239 538
62 646
483 -1
206 783
334 702
8 770
266 -1
228 952
199 209
482 666
265 655
18 819
789 939
179 858
743 942
290 923
637 802
694 808
108 455
77 99
450 927
150 177
