100
100
927 936
942 -1
755 -1
592 657
542 551
742 817
837 1000
572 721
534 597
928 996
588 638
588 833
659 749
921 937
800 869
657 870
695 923
746 927
758 909
548 953
514 683
964 -1
585 686
575 579
692 873
720 -1
591 781
552 929
688 763
694 -1
792 851
644 711
812 -1
548 912
551 799
787 798
899 972
519 709
742 -1
849 -1
636 731
605 720
816 -1
535 677
538 590
762 875
975 -1
636 900
518 577
565 695
553 994
637 835
749 828
678 906
600 887
587 -1
551 968
696 -1
796 -1
534 677
579 770
840 950
648 864
723 924
559 596
726 -1
734 941
518 946
793 809
558 -1
741 840
500 726
531 978
922 974
655 932
660 706
515 570
902 955
825 868
522 646
770 924
614 957
810 812
927 966
523 612
722 835
549 810
620 656
591 999
575 706
646 862
924 -1
593 804
798 911
822 847
607 624
542 -1
733 997
553 770
680 878
