100
65
755 826
806 912
988 988
359 543
887 893
356 542
498 662
759 828
557 688
890 921
418 644
760 836
740 813
375 579
405 630
541 708
794 843
750 817
982 986
748 867
989 996
499 691
616 724
778 841
275 508
524 657
470 644
699 762
901 901
830 871
429 574
433 620
611 703
964 990
274 555
440 607
351 562
912 913
610 732
950 960
265 506
992 992
614 787
398 638
351 586
260 507
489 617
657 746
622 762
524 678
849 933
523 651
438 625
542 714
392 599
795 844
786 813
806 867
746 852
363 605
444 622
749 860
599 730
858 918
859 950
736 841
906 921
434 639
421 646
349 522
611 764
525 652
504 638
656 729
427 607
494 662
180 500
342 557
463 611
380 588
855 936
476 664
551 715
895 942
424 580
991 991
258 502
279 523
674 811
469 669
508 655
476 664
409 592
739 837
403 582
337 534
453 630
478 695
614 761
653 775
