100
65
482 839
500 735
514 896
510 796
463 835
330 637
545 914
463 822
530 908
542 843
286 554
348 601
366 528
561 937
622 961
503 852
398 659
464 705
455 868
556 825
513 973
324 500
526 775
504 918
321 560
351 586
326 534
527 979
447 736
601 974
437 632
438 808
283 575
454 746
405 754
481 832
432 709
442 622
414 666
566 929
328 521
466 795
333 546
490 801
381 737
614 927
460 813
504 781
486 838
453 744
593 899
418 742
599 922
418 693
546 815
363 529
387 640
452 695
523 906
524 862
381 730
591 892
639 953
565 948
568 847
564 833
436 717
513 836
392 678
328 618
636 999
518 751
363 586
575 937
533 802
554 913
533 979
587 883
442 620
562 968
588 865
438 819
367 634
390 730
337 623
345 600
446 702
492 763
557 938
535 860
583 900
486 702
520 764
517 916
320 505
395 715
446 724
549 866
361 532
402 642
