100
100
688 926
92 451
230 452
706 962
21 633
177 969
94 518
536 970
127 981
392 428
53 483
163 757
21 246
129 216
46 418
146 457
121 851
193 268
547 671
121 969
680 810
779 878
96 975
305 830
475 799
33 998
366 585
164 647
166 544
147 628
855 956
575 714
213 864
26 910
388 968
530 831
609 824
158 356
180 467
482 749
117 214
163 746
411 961
24 326
103 259
141 868
94 591
280 508
263 870
656 825
190 487
700 799
184 222
575 685
360 951
363 399
637 805
776 971
465 571
127 734
901 949
677 786
52 636
94 952
260 627
449 828
113 849
271 949
3 893
401 794
101 546
56 716
555 920
192 239
485 718
351 569
85 519
37 222
154 886
196 945
73 724
280 665
296 690
42 422
235 888
71 468
22 283
466 830
352 424
3 277
138 415
362 679
34 447
116 441
192 571
542 557
153 906
947 992
109 364
424 663
