100
65
559 729
591 681
749 887
734 892
503 592
603 794
481 638
766 912
515 635
610 694
655 845
516 600
629 714
762 908
512 698
586 777
852 993
619 849
484 640
617 788
566 747
763 926
497 684
646 844
596 691
823 997
705 932
600 779
664 800
732 834
636 721
704 925
422 598
719 986
731 950
677 867
728 948
500 633
446 520
507 712
738 916
724 980
669 881
479 685
580 752
603 726
635 773
748 855
435 610
769 938
613 756
738 985
644 860
512 558
468 557
722 923
550 613
605 709
525 733
658 861
490 674
354 526
667 780
694 871
592 722
751 909
638 779
582 810
718 944
794 968
546 698
809 956
442 543
618 803
677 902
562 719
606 837
546 677
615 791
475 665
555 675
687 781
450 542
520 581
649 877
778 958
667 754
433 549
748 880
383 548
818 949
643 778
748 971
678 781
623 778
629 792
705 832
633 717
508 641
408 595
