100
65
145 538
237 616
282 607
562 765
569 797
370 679
796 929
962 962
457 684
623 769
885 964
395 690
234 630
371 700
715 861
704 847
638 821
304 611
441 675
130 540
421 722
848 944
591 820
600 819
416 687
735 848
754 860
302 615
109 566
324 640
888 914
542 728
456 737
474 729
469 737
648 788
900 957
696 869
181 603
745 858
378 660
787 916
158 543
299 656
704 853
221 574
464 687
85 537
979 979
256 602
585 755
113 566
833 923
456 730
274 645
209 614
662 839
671 829
883 932
473 711
428 693
553 789
88 508
479 725
416 669
416 689
579 750
439 689
908 977
914 947
993 993
253 589
630 825
649 835
682 798
413 698
910 953
299 665
177 562
588 798
977 977
355 676
341 676
602 827
638 820
995 995
887 948
987 987
944 986
216 565
621 793
217 579
250 615
504 761
811 933
13 509
882 936
760 867
43 503
430 698
