500
500
431 590
318 561
389 581
897 976
980 980
659 799
431 641
517 675
732 800
688 810
891 960
685 779
464 686
464 607
831 874
205 517
932 1000
555 719
666 758
306 546
593 752
257 550
923 968
839 907
932 979
422 579
865 865
941 977
499 692
618 789
628 793
630 766
655 761
931 991
482 617
638 786
663 776
352 534
715 769
673 793
628 723
828 903
915 929
384 554
973 999
901 964
365 586
542 724
622 725
887 900
302 545
474 637
456 638
332 561
369 544
573 724
365 539
917 917
343 524
661 736
268 526
372 585
268 537
394 579
776 827
907 969
995 995
876 893
730 831
510 654
760 851
916 916
870 887
536 731
410 640
768 849
876 952
412 598
336 521
262 539
929 984
669 794
693 755
422 637
750 820
311 534
715 805
188 501
441 602
277 544
921 949
271 530
745 791
583 686
742 849
557 705
861 911
704 826
677 780
475 630
508 684
626 768
829 870
209 509
789 884
535 652
347 524
674 810
505 652
531 645
418 622
796 860
564 667
626 762
392 579
917 981
611 750
906 919
655 738
543 716
403 563
416 582
810 883
830 886
466 611
732 814
999 999
280 511
792 887
949 974
588 734
942 965
429 590
372 537
350 609
591 732
306 504
654 813
485 647
931 931
370 602
930 969
447 660
478 678
304 580
770 853
622 740
576 684
776 830
766 870
806 824
925 925
290 539
338 558
626 766
870 883
453 651
625 795
444 654
365 619
439 633
375 609
831 884
845 862
926 926
649 810
865 929
534 730
524 656
506 684
991 991
589 690
405 576
825 909
573 756
967 995
528 672
896 964
334 587
245 541
476 608
482 625
554 668
617 724
297 516
760 809
522 696
996 996
366 582
730 799
471 675
393 622
550 676
731 861
318 576
964 992
796 909
450 623
983 983
738 863
995 995
881 903
944 944
447 589
613 767
411 596
925 938
641 793
201 508
702 825
810 884
714 810
322 565
872 961
526 713
938 964
899 965
383 602
312 556
407 585
938 975
349 586
602 756
969 999
788 871
416 648
686 817
815 882
306 574
409 573
681 781
600 739
873 956
686 799
473 638
710 822
298 558
648 812
818 866
959 959
806 827
808 852
380 623
843 881
344 557
844 903
444 638
538 664
712 818
481 629
463 626
929 929
598 687
506 652
990 996
935 973
833 878
583 693
442 643
397 572
986 986
515 700
304 570
416 640
714 807
697 784
249 538
429 631
537 651
532 699
803 886
198 510
883 953
467 617
910 977
479 651
954 954
561 695
312 532
959 959
764 801
882 958
535 648
469 640
574 737
988 988
445 628
709 829
427 658
361 595
267 510
385 623
243 510
373 626
475 609
575 672
695 803
837 876
371 624
712 813
436 634
563 746
438 647
598 698
864 891
274 525
450 614
720 805
273 542
571 743
906 918
554 694
410 608
857 945
332 584
429 651
465 665
822 891
895 907
882 882
655 771
245 502
630 777
356 585
235 530
637 738
663 729
635 768
582 729
663 808
866 956
661 810
287 566
902 963
717 835
716 831
646 795
808 835
851 929
687 748
625 750
275 505
712 841
425 615
384 605
500 709
881 885
305 504
723 809
929 962
225 528
335 557
965 978
421 649
338 604
792 908
286 537
707 813
938 971
632 728
459 683
462 636
976 976
421 618
911 921
733 852
824 911
976 976
627 797
985 985
265 509
845 895
986 986
501 700
681 775
582 722
931 931
432 664
690 799
731 860
854 894
584 766
315 532
663 790
301 507
243 528
288 563
709 847
484 631
793 869
609 740
765 848
321 593
294 534
485 699
685 758
301 508
772 853
901 913
813 903
863 877
717 853
243 503
273 511
649 806
399 605
796 820
746 874
654 765
556 710
825 878
580 710
461 638
827 911
767 807
431 621
294 524
536 725
908 908
386 566
847 918
878 944
303 577
536 646
868 932
658 772
332 515
474 682
956 967
666 781
762 825
441 650
865 878
725 773
924 939
984 989
920 928
596 700
743 792
629 726
645 720
524 653
838 916
374 545
366 586
848 896
755 879
898 978
432 650
399 645
978 983
502 651
692 787
653 788
822 857
808 840
329 589
481 642
902 945
629 729
376 564
313 551
797 840
468 632
420 647
635 796
937 937
710 852
706 805
694 838
556 722
592 686
648 767
853 869
350 546
805 873
418 566
356 565
558 738
372 590
719 795
433 652
247 508
858 921
599 741
372 621
502 679
889 916
326 595
598 743
787 871
872 877
713 839
821 897
954 1000
395 574
316 588
696 773
845 882
535 648
