500
500
801 849
901 999
849 921
925 999
864 992
851 989
907 967
853 923
840 912
816 877
853 878
825 893
909 992
824 914
854 902
961 981
871 905
812 985
800 981
902 998
943 991
818 967
899 999
811 878
815 968
919 990
896 994
805 870
833 892
809 895
850 982
863 984
828 850
835 953
860 973
825 876
896 977
820 975
842 947
823 919
912 941
843 915
983 1000
943 954
906 921
861 984
867 873
905 998
853 895
922 938
809 810
855 895
905 976
916 987
879 959
823 900
855 866
825 855
879 944
812 968
874 987
923 961
908 930
916 985
851 986
940 979
872 989
822 906
827 992
860 866
865 970
884 907
825 895
857 983
870 982
876 957
961 987
839 841
834 923
809 917
864 889
841 897
939 978
829 918
851 947
822 869
952 966
820 911
841 872
854 920
914 985
875 948
871 973
859 931
843 855
818 948
826 862
845 961
880 930
906 935
839 912
892 971
853 978
872 915
811 867
875 924
858 946
826 856
849 982
809 998
886 989
931 936
866 877
892 983
818 947
954 997
892 949
863 990
836 959
860 985
865 962
864 945
853 981
819 991
804 970
836 913
918 952
863 999
862 943
876 951
832 950
851 903
941 945
827 928
840 954
922 992
812 838
818 854
869 968
899 981
893 969
918 990
816 875
856 927
950 968
900 940
844 895
837 839
964 1000
914 981
801 830
803 810
835 973
823 922
807 988
826 857
824 979
817 854
909 927
887 900
890 974
945 955
868 882
856 936
907 912
829 895
980 996
885 947
842 980
886 925
950 966
893 996
836 877
806 864
854 975
878 992
920 975
801 924
852 885
839 903
814 918
836 908
880 924
810 952
886 917
810 926
822 899
931 937
882 936
824 897
853 859
804 852
819 855
895 899
913 947
890 916
936 966
892 923
954 985
840 985
859 936
851 936
865 977
943 944
801 874
815 916
816 934
922 957
907 953
804 847
816 938
814 945
919 922
822 841
854 865
942 975
801 992
980 981
882 961
854 908
826 995
889 903
900 981
816 835
867 958
841 939
861 865
859 944
896 973
837 959
866 901
936 949
825 849
849 859
888 945
893 992
810 935
907 939
877 999
945 947
823 950
929 976
866 866
989 996
859 925
858 935
872 966
864 972
879 923
842 864
833 850
889 972
959 974
964 983
838 868
875 892
922 945
899 904
914 986
902 941
837 896
901 970
887 982
812 967
818 896
869 925
894 984
875 902
833 833
913 933
855 950
880 978
910 932
940 941
873 930
815 857
827 905
827 863
911 969
802 927
853 943
890 905
869 983
843 929
850 942
827 877
886 891
991 993
980 1000
975 978
826 960
866 944
849 893
834 978
818 986
854 907
863 982
938 977
808 812
933 947
956 980
956 968
803 952
837 960
904 938
880 931
956 957
802 826
816 977
921 972
808 979
909 961
855 944
824 873
873 984
829 965
824 891
826 868
819 934
844 953
923 924
808 919
892 931
911 941
835 922
810 879
893 917
882 886
834 889
911 981
819 944
831 900
904 939
937 976
908 979
883 943
897 918
822 834
853 924
974 994
812 916
901 979
814 927
853 919
857 987
800 828
887 923
841 882
813 929
809 847
944 987
880 916
856 949
853 882
961 997
806 907
857 982
847 975
890 916
915 955
832 843
878 908
901 914
835 998
911 919
821 922
837 901
819 870
850 982
870 936
858 972
835 893
826 966
813 975
820 961
874 950
863 962
815 825
815 868
857 899
881 919
830 931
850 851
804 855
886 961
831 954
803 930
865 983
818 953
901 912
897 970
866 1000
803 989
877 931
895 958
845 941
908 947
838 933
903 982
816 999
840 855
837 895
826 946
800 840
861 923
804 809
870 982
875 986
818 995
849 936
836 931
809 885
823 918
837 978
917 924
905 956
815 978
875 886
920 979
841 994
814 839
816 919
814 860
914 919
854 965
816 992
840 951
849 907
908 963
927 944
904 918
812 893
866 920
823 963
853 970
803 867
830 907
837 979
800 969
899 992
945 983
847 887
881 952
904 992
886 980
882 943
937 970
941 988
897 969
826 918
911 984
959 994
838 892
805 908
903 904
800 872
902 1000
858 965
839 939
830 904
958 981
883 935
930 963
858 996
941 950
898 922
926 997
910 925
828 836
841 913
882 989
893 953
927 990
826 899
806 848
814 945
902 910
853 995
890 922
969 994
818 955
816 922
853 913
824 844
837 892
845 847
818 988
861 917
891 967
846 920
874 918
889 995
863 966
969 993
840 931
878 969
857 905
911 921
935 940
890 979
