500
500
621 820
492 921
496 917
602 719
670 831
533 828
616 764
790 923
907 994
732 854
428 715
448 485
666 970
695 959
446 865
552 582
556 670
421 569
576 871
696 793
618 982
484 838
558 680
475 601
657 890
452 795
639 864
640 967
821 995
489 937
922 990
623 868
444 719
401 887
442 690
403 822
444 554
697 834
697 905
669 980
767 854
610 828
483 692
634 938
680 888
608 816
414 939
586 942
608 741
502 626
549 922
801 924
512 830
581 992
426 911
534 853
472 899
767 940
467 570
756 927
555 673
529 969
638 686
619 814
542 835
561 812
617 634
633 896
456 787
558 832
832 849
494 702
713 988
540 664
588 855
626 928
848 864
778 967
463 1000
871 893
623 981
643 992
862 881
491 903
415 569
885 886
540 673
505 589
423 656
409 567
629 673
919 982
419 538
906 950
739 960
496 610
500 882
796 991
422 880
840 880
537 923
612 755
468 851
442 977
544 736
907 983
485 777
698 783
776 946
570 878
726 1000
474 617
464 1000
598 994
484 703
493 559
925 967
639 706
456 531
494 635
623 765
590 911
977 998
446 536
466 818
954 995
942 972
400 605
660 763
497 697
493 893
574 754
913 971
692 950
864 981
487 495
459 527
598 812
409 950
667 714
622 945
405 615
644 905
534 933
616 663
789 964
522 616
432 451
817 988
801 885
933 999
447 467
434 452
920 983
572 753
417 642
780 911
536 566
630 630
575 798
545 709
759 860
461 476
494 744
484 835
403 483
464 992
436 625
679 706
521 821
782 858
702 744
661 715
418 676
959 987
428 563
639 753
612 976
805 842
649 783
432 997
450 761
601 707
464 479
474 864
788 819
755 918
891 926
640 962
510 719
790 834
617 739
544 683
666 891
436 702
727 874
888 975
400 440
656 997
937 986
601 886
580 601
850 971
749 896
532 579
892 900
617 955
447 762
490 769
572 723
493 785
856 970
477 676
558 782
583 618
496 802
651 819
585 736
557 699
469 581
454 690
551 573
729 815
567 794
583 797
452 718
835 870
911 949
812 949
590 931
703 945
763 816
859 880
471 955
601 922
609 687
638 872
423 616
408 901
662 979
686 809
494 536
698 816
552 957
602 726
619 619
680 912
587 668
401 405
732 833
650 698
575 800
669 784
590 924
588 818
652 890
641 858
502 976
626 891
878 928
683 952
776 842
545 632
666 752
415 510
896 903
524 559
548 583
416 521
695 696
453 580
555 836
449 659
652 841
829 924
721 844
514 662
876 881
769 789
559 601
782 928
881 931
535 740
563 791
408 949
560 853
779 937
596 645
583 850
639 793
500 522
546 968
596 634
431 465
510 959
488 938
547 931
581 924
646 761
760 855
689 910
451 933
584 696
867 919
471 681
505 616
662 963
646 731
433 818
628 691
679 705
598 977
677 817
562 945
761 981
683 845
604 943
463 582
500 645
418 456
498 543
763 806
404 923
802 813
494 956
659 745
764 935
700 738
669 967
520 547
737 992
754 984
644 687
919 947
543 796
416 796
576 886
586 599
594 599
505 582
495 655
751 923
894 954
581 876
474 751
706 775
473 754
534 555
829 986
623 740
573 812
685 975
615 923
537 538
413 456
738 987
622 908
582 991
879 978
548 898
637 753
883 932
507 774
677 953
874 928
710 866
429 656
546 576
780 886
624 691
893 922
491 591
461 714
585 661
409 853
445 659
873 908
497 920
629 960
650 989
467 961
462 635
782 813
530 880
901 901
492 870
711 859
453 850
931 978
549 951
753 908
797 995
535 889
517 842
582 708
616 851
742 798
805 830
420 495
427 542
559 917
555 897
427 674
728 775
416 562
559 788
675 953
574 844
429 979
971 972
615 956
454 873
444 734
973 980
829 879
741 998
472 712
659 787
658 758
460 829
472 527
469 624
545 845
838 860
586 623
430 687
546 597
704 748
555 660
450 451
741 800
737 738
496 766
557 633
690 920
419 791
570 919
441 923
477 935
536 918
547 972
472 821
571 594
521 877
572 710
775 803
407 718
541 772
558 687
470 701
728 889
527 877
410 506
873 991
836 922
749 977
489 672
583 677
443 697
494 667
924 943
429 802
643 809
778 919
702 731
836 937
642 826
555 702
606 721
644 687
680 877
516 807
912 998
445 519
510 625
672 810
448 751
756 773
664 922
545 933
838 978
435 854
503 775
516 935
474 901
708 733
453 589
687 784
751 853
562 624
757 993
812 955
624 680
446 866
491 988
455 574
565 634
603 846
439 890
749 877
