500
500
298 693
393 595
298 660
327 678
293 668
374 585
369 629
346 615
319 702
308 678
333 708
335 656
274 748
333 709
368 665
289 707
315 635
338 623
262 777
304 740
281 742
266 695
314 712
271 752
308 655
304 665
298 677
326 665
328 701
268 716
307 737
247 736
248 702
322 669
361 603
282 736
317 715
342 684
290 676
356 681
245 707
295 664
291 702
341 641
357 649
383 613
295 676
279 719
328 721
332 630
390 654
319 725
300 650
298 744
299 690
254 697
323 716
390 642
305 646
393 632
414 629
315 653
290 726
336 693
317 723
337 711
328 701
319 648
313 686
287 717
386 657
378 592
324 681
282 762
405 632
389 655
314 693
322 718
386 659
281 760
378 629
378 613
346 606
393 612
288 670
302 728
384 636
364 640
313 717
301 730
247 705
271 768
292 704
417 629
345 674
277 750
320 679
369 647
370 602
246 714
278 705
383 587
258 773
378 598
308 664
351 681
359 644
316 686
319 652
317 700
253 729
362 623
344 648
323 714
364 685
291 749
271 748
245 725
319 694
287 711
329 665
379 601
295 721
282 684
323 680
271 714
372 671
312 646
281 757
390 639
381 667
324 706
301 692
366 590
269 744
244 733
307 700
319 705
307 693
385 611
349 662
325 699
313 671
366 630
394 612
365 606
290 738
275 738
294 701
341 613
308 724
300 710
317 719
389 624
308 725
262 773
385 662
333 685
302 708
286 762
285 696
284 725
359 597
357 595
264 779
358 618
323 685
291 679
357 624
374 650
254 696
364 589
267 698
368 654
271 742
285 677
271 767
402 605
292 737
275 723
401 618
315 713
332 641
348 695
314 667
373 671
270 695
270 739
382 622
332 707
263 773
267 773
285 714
289 745
374 587
272 681
272 717
318 637
265 760
292 751
322 721
386 579
297 733
293 719
385 586
337 679
370 601
371 657
315 656
330 689
302 672
378 601
289 667
330 636
240 722
309 713
339 703
293 729
351 613
347 654
264 770
343 629
330 625
312 710
255 704
384 587
283 721
304 746
399 641
378 670
375 621
291 702
293 660
337 681
381 577
341 640
280 745
344 705
384 637
329 624
282 762
345 688
373 671
322 683
334 706
377 655
280 705
348 654
346 677
336 657
315 703
309 684
343 666
285 726
266 698
364 628
323 657
372 592
341 699
304 720
252 750
372 669
300 695
331 637
364 621
377 643
326 724
260 704
268 765
313 724
303 664
391 592
302 677
387 593
339 676
248 729
372 667
335 652
288 727
339 683
298 704
277 759
264 756
347 647
289 723
270 762
273 719
263 780
331 702
354 640
334 662
331 713
365 643
269 759
283 696
296 754
326 638
307 726
329 687
304 657
288 737
247 733
322 635
400 618
328 635
295 669
397 637
276 680
314 721
356 658
275 738
309 702
280 678
325 707
351 662
255 711
293 677
259 692
369 656
334 716
298 737
300 698
398 610
387 640
312 675
257 713
367 621
330 657
382 612
338 652
368 643
288 756
314 665
252 758
338 641
312 664
338 634
389 591
373 588
245 735
339 704
246 720
324 656
343 671
410 627
295 677
338 670
312 676
344 675
281 759
251 739
390 624
249 717
341 624
334 676
377 588
380 648
247 714
375 578
353 635
390 602
248 729
344 664
328 625
404 633
267 686
369 673
329 684
366 641
356 610
407 629
408 624
292 704
256 771
251 727
357 678
254 755
348 668
326 635
374 587
323 711
307 711
342 646
265 736
351 691
252 757
393 616
354 681
261 736
363 656
368 643
375 598
305 681
277 753
312 666
341 671
337 707
337 713
311 645
369 651
347 623
342 658
386 639
349 641
263 766
325 655
311 698
259 700
275 759
390 633
382 575
361 656
331 662
398 645
332 640
379 604
336 656
318 633
403 620
345 621
290 722
266 694
269 717
253 705
389 634
285 666
397 629
386 640
311 711
417 627
313 645
332 618
392 610
301 747
397 636
322 708
281 690
266 719
288 727
245 706
368 669
386 595
324 714
301 670
309 673
282 669
312 688
281 711
374 671
328 654
271 728
382 619
372 608
289 757
274 738
249 720
322 631
315 730
313 734
296 666
264 745
393 626
293 672
321 641
351 645
405 645
324 658
252 699
345 677
342 654
322 716
255 754
378 638
267 713
297 727
362 616
365 646
359 601
275 767
262 712
332 653
326 683
320 690
267 706
360 595
320 654
318 687
418 631
375 649
304 665
317 634
302 733
420 630
336 630
318 689
300 728
273 766
362 596
389 638
287 693
