500
375
800 861
655 757
664 806
913 945
784 899
640 643
834 841
819 968
832 892
760 932
641 728
616 622
776 902
827 865
816 889
629 639
809 888
674 851
651 757
747 858
738 820
812 994
743 987
934 995
638 913
705 998
664 698
711 843
772 977
647 687
770 848
679 990
724 929
625 952
715 927
643 920
691 740
897 917
717 984
809 868
712 873
845 874
709 936
718 764
801 921
616 930
792 817
779 781
724 776
638 731
698 744
618 699
653 742
653 720
618 698
675 780
690 739
608 835
735 746
641 771
809 830
641 786
722 843
652 751
823 955
947 957
644 914
737 782
679 778
883 951
623 927
950 959
678 711
841 909
648 742
684 956
703 819
826 849
737 844
767 927
704 961
694 996
664 774
815 872
803 809
794 943
622 635
867 955
693 886
812 998
676 748
796 881
728 979
786 867
681 843
688 942
618 999
856 979
664 726
708 848
639 673
786 943
846 859
878 936
946 997
918 999
672 967
745 909
763 920
663 811
692 733
915 950
943 964
629 848
675 780
640 907
646 907
743 877
783 940
632 875
729 966
693 819
736 818
661 807
671 927
699 708
785 944
663 798
713 805
840 896
606 866
770 895
654 828
640 876
619 823
603 758
631 654
802 991
654 911
893 952
692 961
709 872
837 997
637 917
714 795
828 974
699 731
623 826
772 902
727 908
738 903
612 796
628 710
935 941
878 984
633 676
777 876
839 981
651 907
863 878
709 891
681 737
757 915
901 999
662 890
781 888
802 942
706 806
658 683
624 991
615 676
673 737
645 884
827 846
892 976
757 787
607 865
804 933
711 776
632 734
747 926
730 879
791 837
794 807
822 899
705 881
679 730
908 984
664 999
600 672
805 908
756 928
682 996
618 843
767 894
604 651
835 855
692 841
836 940
806 840
679 997
814 948
718 897
683 945
608 992
810 824
718 881
631 883
785 907
824 934
906 933
771 850
737 922
648 983
744 972
607 872
705 731
645 650
680 770
819 849
759 858
641 930
736 758
637 927
701 893
636 721
668 933
659 972
753 969
665 859
900 940
878 953
677 689
693 953
708 908
709 775
823 899
702 888
618 877
639 967
755 893
652 947
717 761
817 890
776 899
671 682
678 717
812 922
817 978
674 943
942 984
938 962
623 848
790 895
741 910
668 884
665 926
650 763
817 871
921 947
704 994
871 873
745 776
823 887
923 961
816 832
656 872
654 702
632 972
871 890
838 897
878 888
757 972
808 836
840 990
619 881
867 938
701 827
602 659
938 971
650 898
641 707
848 903
751 874
910 942
697 799
777 926
639 795
687 882
772 824
686 747
784 833
761 817
661 910
793 958
607 875
861 869
613 638
920 995
652 829
777 848
662 789
603 871
639 762
784 886
617 628
724 970
687 948
695 874
703 841
796 838
870 910
633 853
919 963
884 965
693 780
809 887
616 896
728 882
603 744
705 744
659 789
873 882
619 753
821 910
896 995
722 937
769 935
773 971
931 985
700 861
928 971
610 751
748 927
667 933
634 837
868 919
785 888
682 743
701 919
613 672
756 971
662 753
710 924
638 889
638 641
790 992
780 921
687 965
693 755
620 710
616 920
602 966
789 959
751 869
600 668
631 710
643 798
811 975
728 996
893 952
848 944
731 883
819 990
670 984
780 838
754 871
804 966
937 994
623 845
752 868
704 861
905 937
678 971
666 804
747 748
712 861
715 830
888 903
751 912
794 997
875 923
651 934
621 914
649 873
653 999
716 886
694 947
644 777
659 867
828 919
707 827
718 866
714 787
629 781
634 841
793 995
917 938
627 886
629 874
721 864
803 898
669 939
869 927
618 753
645 972
735 955
824 901
856 973
728 897
653 822
796 999
930 959
717 833
612 661
669 726
870 925
721 745
875 926
754 791
741 866
798 882
698 949
708 841
785 888
627 828
649 711
799 860
802 963
813 879
823 954
630 676
790 845
657 825
613 844
878 946
626 869
686 982
751 960
731 769
759 770
682 721
794 907
920 991
664 719
713 914
651 798
850 898
951 990
735 807
925 954
685 737
782 974
894 993
671 779
734 804
699 941
777 935
831 992
640 887
826 838
775 938
860 986
795 807
729 854
872 977
820 990
910 930
911 978
687 832
647 670
667 911
893 997
919 986
627 662
822 960
875 908
640 658
638 816
915 979
633 860
796 840
783 873
819 896
884 981
602 778
923 924
669 986
622 890
694 868
822 870
761 842
929 970
686 880
765 773
840 938
621 752
728 920
715 967
678 757
