500
450
394 517
311 554
622 688
420 615
330 636
6 972
119 191
376 629
99 397
297 901
10 31
152 367
889 904
792 892
514 826
9 507
724 751
507 996
122 225
33 819
508 595
33 630
333 877
59 352
326 820
651 725
403 994
762 861
224 580
565 811
440 694
176 673
65 203
167 520
238 601
57 650
38 907
146 816
52 138
356 920
219 963
148 443
325 995
272 997
167 317
689 881
49 464
313 553
50 263
20 126
161 822
800 970
53 178
550 714
800 894
722 958
90 506
87 442
476 606
12 242
601 842
97 708
446 462
799 869
52 702
139 387
389 768
74 395
238 385
155 335
232 828
76 292
7 758
609 942
250 673
254 999
429 478
531 692
317 912
602 922
172 997
352 468
332 817
182 849
632 886
271 336
600 736
36 852
544 674
544 774
351 616
187 243
271 675
330 849
306 377
137 817
132 531
891 901
283 567
652 678
584 644
757 790
627 748
802 915
201 803
124 211
251 840
136 846
190 695
298 540
50 818
461 806
284 595
629 802
398 556
458 744
368 967
695 910
199 358
29 669
41 706
334 398
162 939
608 732
85 86
476 573
468 727
486 933
169 355
207 322
64 728
722 835
12 224
210 972
174 239
21 553
684 777
240 320
131 306
68 226
342 934
384 812
461 661
529 997
114 927
615 974
350 852
284 716
30 865
353 761
840 965
866 919
341 596
54 125
540 686
255 547
334 807
499 846
379 706
244 365
213 576
168 183
757 948
256 468
479 722
352 738
78 317
231 597
507 969
389 403
457 926
661 699
338 817
449 681
332 507
41 584
470 914
816 900
85 244
600 1000
66 581
200 500
266 783
83 560
389 873
190 574
672 791
556 806
75 867
327 793
201 295
145 736
90 530
17 329
559 998
409 518
730 862
139 663
584 745
731 928
162 626
220 489
385 781
566 937
305 987
306 356
479 797
231 330
32 59
8 265
714 728
578 760
127 160
332 734
258 384
284 534
25 884
673 764
874 904
98 442
253 537
542 823
285 976
718 794
456 629
176 720
242 568
674 864
49 669
15 227
480 570
31 972
93 221
174 267
631 718
11 421
53 686
160 732
229 482
757 848
736 827
440 583
54 786
678 874
382 581
7 749
72 286
147 272
411 474
561 637
103 187
165 409
213 379
392 862
358 892
41 762
64 233
636 934
552 746
854 961
50 882
81 229
502 886
58 695
211 495
449 865
415 446
505 862
725 905
343 679
676 775
513 966
883 896
309 994
776 835
44 88
48 314
18 328
118 796
358 400
69 93
210 811
356 810
359 893
704 787
139 603
63 789
401 859
769 788
136 891
555 811
249 973
108 646
664 754
153 970
426 638
153 338
17 738
479 861
47 268
192 318
38 688
348 918
506 890
150 393
551 730
520 988
35 407
223 964
202 803
545 884
203 501
538 551
534 595
85 979
428 779
466 718
411 927
156 455
319 329
106 113
448 902
592 806
305 471
680 903
512 602
542 781
144 294
271 599
742 778
908 959
637 701
200 360
329 472
384 864
28 836
523 956
309 435
478 959
348 484
25 795
189 922
446 658
443 809
311 835
74 214
112 661
484 763
632 806
161 185
61 415
553 584
129 666
689 762
7 937
660 790
161 772
317 806
119 797
756 926
633 813
7 902
248 986
313 520
272 556
397 685
839 976
631 901
427 770
252 657
831 966
343 930
484 593
431 497
540 699
768 802
368 385
553 706
117 246
365 977
230 470
70 806
255 278
778 945
496 500
81 745
35 453
308 313
242 522
590 969
369 650
163 644
358 989
776 989
170 788
353 778
180 317
256 661
300 663
218 642
340 532
36 447
505 838
336 888
355 503
64 207
635 810
471 503
628 705
536 820
178 412
608 659
439 536
184 309
64 789
188 754
41 391
519 766
95 547
273 288
349 565
152 261
145 188
578 705
754 782
189 716
168 276
532 656
364 577
196 325
317 518
505 783
326 812
540 669
284 663
7 792
86 710
404 708
819 912
398 498
65 865
642 846
342 892
195 350
590 594
783 800
141 556
284 489
62 118
328 762
7 704
610 829
60 559
754 969
762 786
241 829
272 738
383 695
530 622
248 693
20 84
149 663
640 672
199 973
99 742
667 711
785 863
102 874
1 746
270 485
101 790
239 689
298 672
420 554
778 997
172 416
438 640
55 352
111 566
381 692
124 733
49 88
422 569
434 637
35 270
684 900
212 336
88 926
186 219
478 818
585 831
631 929
10 261
439 631
272 636
147 198
822 885
183 814
69 240
613 973
