500
250
629 951
763 855
614 864
667 962
692 827
634 855
920 986
970 997
600 641
680 885
744 746
907 966
796 798
716 761
621 854
815 872
843 905
809 992
682 891
748 790
706 750
698 897
680 772
714 779
662 987
890 905
670 857
785 837
773 875
807 812
784 872
658 925
629 962
837 993
659 765
743 1000
658 870
646 740
602 821
648 928
821 996
676 958
669 744
825 923
809 976
635 782
691 803
907 951
777 893
846 926
732 811
736 904
719 843
732 742
833 884
702 706
732 756
677 909
793 960
708 874
602 777
646 717
644 852
826 921
817 929
604 935
652 931
609 931
923 946
761 911
699 966
653 948
870 962
650 812
731 973
676 681
736 813
743 745
609 858
750 826
654 860
686 978
699 869
601 802
971 988
701 972
728 875
781 935
904 924
640 677
617 889
898 969
877 994
820 878
651 779
815 825
794 844
923 942
695 997
649 733
673 833
761 881
649 885
787 852
693 993
802 991
815 967
771 1000
630 930
663 751
715 769
747 904
619 657
701 770
661 972
616 780
862 920
624 981
785 812
687 975
723 802
611 993
756 939
677 680
710 813
755 867
695 808
681 915
785 812
789 868
784 825
786 799
632 998
674 987
806 904
719 761
692 994
732 816
804 995
882 950
763 999
737 981
742 845
728 766
624 872
715 991
764 791
654 963
733 940
721 977
840 882
905 925
758 858
683 900
813 922
753 757
928 971
829 896
788 863
602 912
759 963
806 888
657 914
617 718
769 776
882 909
804 907
714 957
770 846
721 891
759 832
678 993
737 740
657 787
643 928
619 873
717 986
739 934
836 850
705 727
736 830
667 930
737 872
815 815
634 661
695 758
651 883
689 868
933 964
919 920
865 899
689 813
702 865
682 996
652 805
797 994
784 991
853 919
793 843
687 818
847 946
864 975
615 979
866 988
607 690
814 988
687 806
651 681
662 799
635 858
609 628
836 927
822 963
825 867
621 795
663 678
778 835
781 802
796 985
668 675
651 685
765 786
735 820
659 924
693 958
609 846
801 878
827 941
689 736
603 763
635 737
922 987
822 909
668 702
834 953
899 934
781 860
615 679
840 855
666 673
634 720
635 742
831 993
683 879
748 999
796 882
740 789
948 978
825 905
637 660
649 696
786 975
752 798
714 822
647 715
635 779
896 940
665 802
789 964
782 869
789 990
798 965
687 840
931 953
910 914
633 758
762 863
688 874
780 804
755 939
613 811
669 839
694 752
713 917
980 997
877 963
604 802
908 916
732 827
728 733
720 863
914 955
676 757
673 951
701 971
644 867
620 895
750 796
625 788
955 975
772 895
740 986
654 892
641 812
629 874
817 954
774 805
624 903
853 990
651 828
710 899
629 799
700 735
696 740
616 685
823 896
733 865
649 733
922 1000
643 738
674 801
644 965
925 971
765 885
879 891
722 834
636 753
735 939
683 748
854 922
888 989
678 994
895 980
697 905
881 894
851 885
869 990
690 911
810 914
669 829
655 876
621 807
629 867
611 812
714 982
666 679
898 977
663 870
606 913
845 932
662 979
671 929
855 917
640 899
737 743
934 965
626 890
789 823
672 889
751 880
695 963
710 806
824 883
692 784
705 929
701 791
607 773
906 989
856 957
747 936
706 863
765 929
635 690
900 920
616 872
668 979
722 824
899 999
894 938
988 990
853 926
804 842
606 875
655 803
710 984
865 920
880 977
816 866
692 868
659 808
622 886
604 989
967 996
846 927
722 872
614 807
705 780
692 924
796 892
696 789
655 787
701 958
640 698
611 691
904 949
808 908
914 921
652 805
744 950
788 953
614 725
609 751
671 839
622 981
686 955
642 817
658 802
766 872
670 923
620 714
609 796
627 967
817 926
778 819
746 898
705 849
784 897
626 897
676 880
688 956
699 764
610 858
687 724
737 738
641 795
818 961
619 909
641 955
660 972
637 900
669 971
804 809
619 726
768 958
821 983
675 722
603 706
604 641
628 696
615 904
651 763
633 768
680 795
875 997
805 836
757 856
849 969
798 818
766 773
882 925
628 856
625 897
712 843
605 995
759 863
924 934
832 956
672 805
756 908
703 811
745 829
803 942
697 892
933 956
658 746
644 763
673 675
603 970
821 996
633 641
611 941
660 833
697 819
870 952
831 931
676 899
607 853
915 966
844 913
608 727
711 714
752 800
771 843
734 771
964 1000
648 971
702 752
749 964
775 811
603 753
751 816
729 862
742 827
839 864
850 883
745 837
682 983
608 807
662 921
813 909
