500
375
332 564
621 979
202 471
174 761
757 895
385 847
535 777
200 737
346 394
124 748
154 455
239 863
714 715
60 862
452 588
671 729
224 398
419 870
148 437
968 976
140 419
14 991
124 280
175 699
185 679
110 345
107 633
629 842
53 278
796 800
174 420
750 954
20 477
834 872
11 780
426 760
696 983
95 100
845 860
694 845
690 804
354 456
235 438
528 760
148 573
12 303
638 770
240 886
385 850
386 612
738 755
432 632
688 861
233 879
181 856
591 1000
142 210
559 568
141 928
735 912
936 965
506 940
484 716
700 981
257 692
23 178
200 582
337 852
423 699
67 569
32 620
219 681
322 609
807 947
299 902
142 539
599 953
204 924
158 494
483 858
194 906
143 800
643 844
642 878
526 538
201 768
103 981
527 997
862 977
201 627
21 467
28 216
496 672
185 399
699 804
30 985
280 563
368 788
652 848
120 684
769 924
688 799
425 560
310 332
272 986
264 578
632 926
535 547
491 758
101 598
501 845
167 605
604 666
366 508
446 568
93 135
704 778
110 515
256 662
270 781
26 819
42 839
60 742
16 745
438 922
469 854
670 800
330 797
269 893
164 511
465 842
704 979
336 537
20 823
42 323
307 344
196 472
235 620
188 821
144 596
232 795
48 621
25 680
297 793
480 874
487 806
367 858
66 498
67 432
179 641
138 334
182 953
429 904
218 889
395 463
416 724
663 790
242 728
75 558
327 682
611 710
182 513
864 994
101 403
640 996
329 743
114 619
790 831
188 728
249 974
473 995
206 687
299 498
406 636
471 642
434 917
31 612
248 985
191 684
259 330
518 599
262 916
94 557
281 407
302 372
134 761
366 886
217 681
295 377
13 898
281 782
459 921
41 450
256 607
813 817
119 764
48 117
434 802
692 995
204 892
435 502
424 470
153 187
528 858
376 607
532 936
558 656
109 998
80 814
171 275
109 810
257 906
406 773
323 820
17 288
170 452
217 491
377 681
852 925
319 941
5 379
578 744
962 976
686 783
632 911
166 968
426 455
267 395
185 436
83 252
611 777
104 990
494 659
196 488
702 901
184 226
608 859
682 885
45 771
43 328
77 919
705 989
4 699
479 956
229 312
3 996
453 654
561 570
257 926
168 869
189 645
346 442
607 625
472 584
683 777
232 536
364 919
68 881
594 818
267 823
531 898
218 932
458 881
177 779
742 779
42 636
708 799
432 448
174 622
95 126
687 889
584 935
423 969
4 223
126 210
212 998
887 887
463 899
103 702
158 284
300 952
580 826
597 636
525 668
177 504
81 136
383 914
88 608
156 376
390 655
54 714
307 824
278 640
104 278
37 954
5 890
79 678
533 542
179 981
416 674
78 874
327 550
366 470
528 672
189 824
288 864
63 660
8 895
625 691
32 427
165 610
494 857
786 865
206 481
26 811
264 538
516 640
459 661
326 817
576 769
284 301
690 955
108 292
47 229
363 936
395 664
583 937
156 236
255 860
820 844
408 442
439 893
92 395
724 742
74 373
51 872
458 878
500 752
756 974
19 88
276 545
1 843
421 729
89 921
237 580
415 441
301 356
564 852
256 511
161 291
661 730
582 912
122 749
218 480
408 476
202 753
109 821
119 217
631 812
228 867
769 773
359 567
431 630
295 837
176 331
841 998
175 900
526 888
135 870
94 259
132 701
154 497
145 302
335 967
70 940
26 815
249 663
22 381
13 901
595 600
523 785
121 238
380 490
195 428
234 759
193 636
169 803
65 824
313 958
3 885
313 710
177 404
532 692
241 591
748 911
666 774
545 965
211 856
52 77
279 513
830 907
184 875
8 889
201 259
231 920
45 855
362 611
482 560
628 805
442 865
182 920
148 196
262 826
123 299
156 727
68 124
202 994
667 917
248 408
160 369
638 930
369 957
34 209
173 183
828 897
155 352
703 923
707 966
202 250
743 835
161 814
16 86
688 967
707 893
24 457
247 496
449 497
576 586
89 914
110 851
587 603
374 739
722 745
143 683
797 913
365 890
133 875
945 961
24 580
72 660
451 495
413 603
69 348
379 602
502 640
37 113
485 940
125 693
483 702
211 274
272 617
690 963
195 362
373 884
152 925
295 484
576 656
212 363
8 585
32 325
588 923
393 924
708 777
164 902
837 963
94 586
255 866
767 863
193 605
218 834
135 195
482 922
28 235
859 869
576 752
393 968
205 857
35 456
179 853
85 599
112 792
387 967
682 952
925 984
113 217
525 730
407 823
863 980
7 431
472 673
