500
50
170 253
450 885
684 995
425 830
76 273
249 856
188 360
410 635
457 765
184 217
364 807
74 675
504 883
768 975
714 814
222 922
144 940
704 878
780 949
256 325
113 997
436 692
683 812
154 655
227 816
666 750
645 940
537 579
267 671
474 972
188 403
65 459
606 671
375 495
590 722
238 998
157 790
6 587
552 867
555 839
279 869
660 976
293 303
817 858
616 972
237 312
372 626
99 362
404 518
497 835
121 639
463 499
207 626
838 948
200 354
630 842
489 861
727 830
265 722
179 386
408 470
303 583
3 507
366 997
366 424
381 771
650 678
544 889
95 922
246 482
96 328
652 930
698 945
765 970
271 481
78 402
367 460
270 634
156 335
200 606
463 696
179 504
170 850
124 818
635 673
309 828
375 498
568 791
310 390
92 946
246 902
530 839
277 931
534 911
25 598
676 748
533 708
316 896
435 762
730 932
257 522
183 474
355 712
155 410
963 979
673 932
185 628
930 999
27 980
692 697
685 833
369 390
832 990
750 951
26 423
618 921
630 924
437 442
475 691
358 695
7 704
565 698
694 751
747 962
211 461
41 847
594 775
502 654
56 153
371 581
484 644
75 916
359 798
22 476
87 275
110 974
152 484
505 811
397 479
166 929
660 748
655 789
60 565
503 760
585 966
79 827
583 926
7 43
461 653
444 827
74 812
818 853
475 731
802 842
468 634
339 551
153 814
41 742
42 381
257 662
362 782
61 491
187 604
825 831
249 446
35 989
696 812
1 527
322 392
212 405
202 879
36 138
299 366
192 990
302 803
237 525
157 253
237 240
610 658
951 969
166 218
493 796
309 730
427 797
448 916
709 914
180 758
735 886
3 154
184 634
51 251
843 908
504 848
9 267
514 895
256 301
219 674
435 455
608 782
192 257
207 284
36 274
119 418
566 598
143 171
617 655
257 868
451 968
480 524
156 683
161 220
483 837
783 883
73 944
157 268
493 736
485 551
610 862
167 451
58 427
134 915
207 798
321 671
420 487
232 653
114 343
455 704
468 692
178 962
589 819
55 184
341 823
286 891
415 894
464 668
443 727
320 492
510 592
101 408
260 894
530 873
395 775
172 678
552 763
524 923
490 689
411 476
309 440
121 826
442 896
176 812
25 91
489 616
222 406
354 781
533 962
676 939
214 733
125 294
124 508
813 872
168 274
63 874
174 386
35 1000
224 414
344 871
163 385
870 882
84 387
601 827
101 499
403 974
412 595
571 712
25 653
499 845
139 280
192 644
173 715
505 726
134 192
24 636
12 772
233 442
681 916
223 344
888 921
232 629
370 371
74 788
626 747
619 961
833 949
8 927
34 542
149 888
15 130
32 356
392 615
587 815
458 898
294 934
18 433
231 678
263 300
60 775
494 931
45 857
359 591
201 674
381 897
81 964
408 657
92 391
61 192
199 984
305 475
758 929
15 548
43 951
91 317
300 442
529 879
147 895
517 674
17 239
138 587
408 776
490 802
291 453
578 614
330 496
221 591
21 229
635 970
664 919
324 428
636 734
709 887
605 762
839 976
215 927
212 816
551 734
336 754
435 820
366 441
740 868
280 594
76 432
434 767
463 700
12 830
366 573
29 666
528 593
472 850
532 968
259 677
399 531
675 957
64 359
323 456
342 610
18 701
380 698
375 511
234 676
368 741
359 573
400 830
504 522
482 725
166 687
385 600
547 612
368 705
92 192
334 970
129 354
251 507
247 533
755 810
391 979
438 549
366 695
53 254
203 525
451 459
39 553
69 347
556 889
247 900
344 488
131 196
99 862
118 221
129 954
208 848
225 351
27 545
160 250
259 491
599 693
498 874
389 869
136 232
115 138
357 864
169 856
419 760
237 696
512 623
504 531
276 809
22 331
337 538
175 820
428 665
375 459
690 827
579 781
184 367
101 350
137 703
30 203
366 941
150 728
391 739
105 277
502 786
401 525
251 715
458 852
215 891
379 581
825 847
565 885
443 922
153 332
694 821
130 934
528 898
91 517
574 872
282 564
153 872
54 764
20 674
415 972
446 755
206 461
605 753
390 485
431 816
255 687
343 427
61 797
409 586
728 873
82 165
807 1000
17 222
79 172
519 796
52 811
543 571
191 221
657 722
530 868
52 548
320 578
188 249
67 262
730 941
1 558
372 739
257 693
515 697
21 921
653 882
482 522
313 317
872 973
22 382
762 903
218 580
378 671
57 266
22 541
35 748
176 882
790 860
210 535
33 982
413 943
494 912
706 945
487 658
