500
125
343 870
15 907
372 477
393 818
503 521
415 979
129 385
415 578
242 983
211 233
215 531
193 910
791 875
543 674
153 443
301 419
308 368
263 474
76 454
334 691
510 788
108 152
129 476
408 459
200 640
496 633
484 912
558 953
39 331
490 899
653 762
262 310
724 857
133 896
44 967
489 829
776 919
9 423
81 213
140 274
117 350
386 916
72 166
148 908
37 225
266 698
399 681
534 832
29 818
121 592
348 908
526 617
526 778
350 564
357 713
10 988
187 863
112 744
483 628
638 782
453 668
228 679
161 516
771 958
25 426
479 556
170 473
49 313
585 958
380 720
579 976
11 209
111 479
365 808
427 454
235 965
218 767
28 320
536 832
145 528
243 472
229 850
557 957
48 71
286 735
299 956
120 947
22 574
651 700
570 583
11 205
66 746
125 544
596 838
122 922
734 966
257 949
6 938
351 839
453 757
294 450
511 683
571 961
3 306
72 430
500 837
887 935
787 904
243 918
186 245
122 917
27 393
115 249
26 449
305 325
343 554
33 854
52 201
80 279
28 753
118 463
608 893
438 488
390 904
122 706
321 883
130 852
262 592
384 719
253 266
82 203
315 376
903 919
595 863
377 484
793 886
32 688
203 943
266 679
4 265
180 845
489 492
512 973
325 706
196 202
207 455
535 917
146 394
84 622
362 535
286 685
68 216
216 628
190 818
895 976
119 145
137 434
119 874
236 394
763 766
44 541
451 508
243 487
58 966
600 717
496 555
222 819
175 524
182 313
141 407
428 795
479 651
232 627
638 756
133 916
407 414
612 635
294 583
37 122
150 547
413 602
748 992
315 612
152 199
634 912
953 959
343 796
161 386
227 288
77 777
312 466
391 743
64 839
578 731
499 768
109 649
161 698
448 604
24 938
22 97
600 671
626 842
890 896
170 203
254 312
64 324
672 910
370 780
77 747
91 815
154 992
238 666
854 910
277 877
96 469
394 767
278 691
263 633
506 794
610 663
60 491
2 209
638 882
278 778
390 730
279 677
236 844
550 960
67 328
645 766
663 959
182 686
276 512
548 601
742 809
681 928
183 980
675 865
298 967
257 706
656 884
468 634
97 116
139 794
142 302
166 578
62 815
729 801
205 889
130 982
310 708
488 818
389 809
622 666
172 373
344 886
783 923
434 564
56 157
399 980
409 471
141 487
184 299
298 754
571 821
169 213
301 984
284 663
788 961
299 683
194 280
124 932
110 591
176 527
261 299
687 990
805 988
581 958
348 649
187 226
34 648
214 730
12 848
219 723
199 857
275 324
525 919
472 996
247 543
223 227
185 522
536 722
457 706
224 587
455 996
601 876
443 948
153 205
503 982
490 640
488 928
299 840
842 870
516 583
76 227
673 932
212 815
182 981
443 685
62 425
377 673
258 753
851 989
88 606
208 559
130 363
212 301
610 662
213 872
324 935
182 267
175 280
250 590
256 439
138 834
223 346
937 960
483 787
169 797
759 948
930 969
116 600
308 938
376 704
197 256
39 142
820 896
119 174
530 670
325 744
362 849
159 661
905 984
135 490
779 829
224 439
216 310
882 986
227 263
309 465
68 254
16 598
353 928
194 375
57 526
153 630
34 342
318 476
396 586
99 115
620 919
253 335
293 333
404 865
122 763
89 941
516 749
207 604
60 86
21 710
340 956
8 410
297 720
96 907
102 222
390 972
237 297
43 394
243 440
408 870
631 650
248 937
319 377
772 847
877 947
179 905
573 783
174 814
148 930
676 823
496 809
781 790
69 683
802 993
230 572
373 380
16 324
509 990
453 790
372 863
91 875
102 141
231 455
840 929
109 127
421 638
319 722
744 991
137 393
374 441
228 370
103 845
7 217
181 508
372 700
612 737
638 781
116 868
368 513
55 999
490 921
169 497
834 845
450 725
158 762
617 725
9 188
520 638
150 607
597 859
287 474
105 792
239 877
628 945
48 939
352 536
711 982
383 629
173 285
247 516
26 49
818 983
135 916
315 336
458 562
421 741
368 439
743 791
419 639
474 719
362 484
391 882
895 927
77 444
380 533
26 454
486 872
639 931
481 489
76 948
84 303
73 711
580 644
455 745
296 873
514 642
92 764
291 839
65 480
848 870
333 406
308 450
359 398
631 734
484 896
22 769
538 589
206 701
780 966
96 973
201 936
44 495
630 833
335 885
410 459
390 487
475 511
25 421
355 879
591 786
405 495
494 512
251 807
329 552
62 253
363 760
160 994
504 618
548 911
800 1000
