500
125
785 890
963 978
640 690
657 926
847 926
602 714
882 910
806 933
632 941
674 923
764 864
664 842
793 832
714 859
717 783
641 795
702 716
753 809
600 615
786 821
706 945
672 700
754 773
864 901
849 908
620 986
795 994
831 835
830 857
830 833
741 858
639 963
698 827
729 916
614 732
602 757
629 640
764 842
702 951
642 726
748 949
730 844
612 672
748 929
634 705
638 946
680 702
797 997
725 767
702 992
723 779
615 912
797 890
780 966
671 961
634 956
669 897
617 761
832 896
680 838
738 844
898 917
659 666
914 999
776 783
601 934
607 670
905 979
622 868
877 937
612 868
670 898
829 965
603 618
937 979
757 899
602 947
691 935
788 820
806 937
714 890
805 969
637 786
778 810
610 798
932 940
600 769
732 769
925 971
760 977
710 756
906 947
646 959
674 757
663 806
803 809
766 909
601 912
867 969
790 915
601 700
735 853
873 933
686 837
925 969
641 958
830 855
826 934
743 782
692 922
689 713
777 875
735 745
695 735
626 933
956 987
604 877
806 826
732 800
697 789
616 616
820 972
879 890
823 977
860 935
607 734
805 840
668 846
874 988
642 719
876 973
614 954
650 922
689 888
673 977
608 833
715 830
752 968
686 978
675 821
770 985
923 955
796 894
827 975
691 972
641 901
659 808
869 959
659 721
615 619
760 949
822 852
684 910
661 891
601 814
620 792
686 994
675 837
632 633
668 876
613 973
871 918
785 954
632 899
821 930
613 826
767 949
651 779
601 996
637 918
616 891
720 870
688 971
863 871
874 967
661 721
636 979
743 770
786 886
611 815
817 849
814 975
903 963
750 781
804 848
707 762
820 914
833 943
603 783
701 914
660 808
899 992
720 920
756 889
648 736
664 753
602 951
665 717
645 697
601 867
822 849
753 791
600 876
704 763
840 951
637 880
798 938
610 990
606 911
638 994
778 809
638 656
709 893
634 715
837 910
736 968
650 777
639 973
848 993
754 983
859 968
698 790
611 882
636 816
924 941
722 829
699 985
603 846
796 829
690 962
666 963
664 812
795 827
605 703
736 909
680 876
882 919
816 896
761 982
739 807
841 881
732 879
811 965
673 714
806 898
725 946
640 835
741 882
676 751
790 838
934 961
645 704
651 864
607 651
842 918
704 934
713 954
911 1000
641 973
652 946
606 672
629 703
624 801
739 742
775 935
955 988
769 830
746 824
642 826
601 738
680 889
908 950
607 956
747 959
633 844
711 769
652 691
815 907
828 915
849 910
872 983
750 918
870 979
750 838
639 733
643 805
773 880
668 777
862 941
650 869
796 913
772 917
664 779
640 894
936 943
704 750
799 843
865 898
823 876
616 759
603 648
617 624
766 818
675 750
636 959
635 828
756 934
673 919
900 917
625 837
784 995
858 937
697 702
782 885
637 700
713 771
687 727
872 953
765 942
618 815
630 821
697 932
666 875
640 770
975 992
646 729
720 742
641 672
749 976
785 986
692 694
916 987
711 765
784 799
734 747
915 987
652 657
726 955
815 934
944 953
767 809
832 935
643 746
638 866
891 982
678 889
727 801
839 858
830 999
806 969
786 789
661 935
966 980
655 948
685 756
745 973
860 952
807 886
692 949
747 991
808 965
885 980
874 969
748 951
812 989
645 835
884 896
633 719
633 854
741 921
773 791
833 945
713 918
637 884
692 998
682 822
632 873
665 779
912 992
810 924
642 786
698 786
720 905
604 893
665 841
787 847
976 999
616 800
700 896
669 746
666 800
790 840
626 801
691 872
862 994
841 880
859 932
820 865
676 941
758 932
959 990
774 976
781 970
645 696
607 829
760 826
829 988
864 948
666 673
788 864
613 614
682 840
644 930
630 944
777 861
610 843
620 791
799 915
632 709
792 963
907 960
735 784
791 835
784 827
700 802
754 1000
703 908
751 999
649 755
640 677
669 956
688 825
672 840
657 719
767 957
622 818
719 963
706 987
664 917
720 960
850 965
897 960
668 973
659 732
917 997
645 843
777 816
976 990
697 910
774 791
659 869
663 858
722 956
739 792
936 959
776 800
657 864
770 868
696 854
613 647
879 879
928 974
967 967
602 685
697 806
707 824
902 927
695 795
778 780
653 712
931 933
638 756
603 887
777 800
632 639
692 760
655 902
713 828
633 858
699 775
600 878
603 715
710 925
632 674
797 858
735 997
734 966
627 953
923 981
603 952
786 897
607 694
650 691
712 764
631 961
633 634
613 747
693 972
604 651
767 957
