500
250
904 938
748 933
232 445
209 736
251 399
156 840
29 923
131 988
200 214
271 773
552 664
157 827
181 641
160 913
405 915
544 571
218 448
126 916
112 694
438 536
488 944
708 922
299 688
233 723
103 962
62 85
525 581
438 581
695 852
834 981
131 379
41 614
491 663
299 585
447 680
176 434
75 157
30 876
327 967
193 429
270 544
713 807
741 856
73 663
268 535
392 659
74 342
391 703
954 984
252 607
41 305
411 960
291 952
406 918
206 358
75 663
949 972
254 359
288 384
519 684
572 700
801 810
810 990
412 531
21 95
665 801
588 908
70 933
316 820
76 144
238 472
412 490
60 471
40 700
511 913
414 426
156 911
207 722
478 672
189 848
313 531
249 624
208 913
347 462
77 262
231 869
14 71
121 647
25 793
717 937
147 394
295 499
44 370
731 747
364 604
738 903
777 877
576 827
174 733
545 678
560 621
494 857
65 361
755 756
249 488
78 804
43 376
318 333
190 361
327 889
458 945
540 858
762 854
479 983
550 672
214 403
519 738
224 630
298 497
92 235
268 858
295 419
517 553
567 963
557 811
155 604
13 83
357 813
273 287
565 925
508 658
208 582
513 672
15 605
138 549
75 258
388 566
535 828
454 677
697 950
900 990
802 974
424 613
50 422
136 449
202 470
124 980
117 862
19 239
48 901
76 170
111 261
214 935
545 659
600 717
647 740
308 421
168 900
41 451
56 61
481 983
137 821
135 138
342 453
49 183
373 959
107 486
522 652
449 701
82 597
220 649
109 969
398 675
365 698
334 430
276 937
555 689
72 863
264 825
651 666
956 988
759 865
164 196
201 755
234 519
793 809
73 705
263 289
16 514
386 762
732 831
149 685
388 858
499 992
495 733
239 454
309 505
801 844
70 266
117 250
11 97
26 947
152 313
460 839
40 966
787 816
503 579
265 647
636 875
566 666
85 259
673 921
704 892
285 466
518 757
385 531
202 836
495 582
396 922
253 808
255 652
302 454
181 276
38 520
128 530
26 133
595 811
214 421
741 798
197 440
76 921
320 869
602 695
122 141
530 777
92 553
663 747
762 898
732 936
463 970
611 888
7 475
178 612
572 821
200 471
86 906
467 627
806 929
74 410
705 817
179 459
294 685
695 827
582 813
354 907
648 785
11 952
36 728
65 591
408 786
397 667
778 820
676 893
407 912
141 420
62 296
409 870
499 660
803 918
289 684
404 987
32 411
196 364
674 943
44 916
189 702
717 748
241 969
79 402
99 415
349 409
336 737
565 738
56 323
532 703
9 240
683 704
102 477
234 897
178 773
3 537
24 775
385 660
587 876
760 955
605 835
294 733
673 836
759 972
176 598
444 779
859 905
289 923
749 764
302 412
54 471
556 871
188 669
498 751
175 898
255 738
197 391
170 439
142 945
190 767
207 995
215 874
576 967
293 422
207 662
4 459
200 640
439 526
179 289
177 665
453 784
31 501
63 386
319 949
615 744
111 507
140 300
576 934
738 761
468 990
263 747
240 670
434 910
60 451
239 405
835 845
575 661
200 813
197 715
432 981
258 646
191 214
526 618
461 537
370 784
163 760
758 828
405 623
58 802
764 915
985 994
570 674
358 957
246 825
581 689
4 314
750 778
240 425
585 869
423 540
195 960
888 947
455 936
435 876
456 583
706 1000
6 737
494 896
173 501
459 727
119 886
469 813
468 578
596 867
408 903
611 908
191 928
415 986
208 501
381 422
288 742
25 650
727 989
600 665
468 780
21 730
332 810
288 850
263 419
72 842
545 640
123 640
879 961
475 664
199 859
229 441
65 500
483 986
61 741
854 981
90 785
92 968
91 94
648 745
275 903
55 265
223 736
367 520
113 206
291 999
23 595
4 856
337 717
20 538
259 945
300 519
553 696
257 387
606 860
78 471
83 456
74 562
289 767
1 25
532 895
780 808
229 474
654 911
565 834
457 768
225 257
237 989
26 315
713 827
8 648
428 839
68 282
80 148
31 893
127 896
275 549
42 419
254 280
137 641
144 462
6 786
372 614
83 290
44 983
428 682
49 341
762 965
434 456
30 717
152 753
79 168
689 722
471 498
649 999
28 876
122 341
503 772
245 317
27 556
741 806
105 171
34 414
167 274
264 388
473 778
531 617
336 865
458 705
900 923
410 913
155 427
9 28
302 974
781 797
339 486
516 722
145 999
457 732
970 980
554 646
448 530
41 918
425 608
371 558
461 463
899 996
221 598
496 501
75 365
443 468
