500
350
590 680
419 607
623 742
545 676
627 754
292 569
878 879
900 900
844 903
371 553
918 918
743 836
973 973
447 670
310 567
454 594
776 845
494 671
392 638
924 985
322 525
966 991
710 837
740 796
444 613
355 586
614 727
879 884
815 916
767 867
969 969
810 908
861 932
700 805
332 550
762 837
528 668
774 878
368 607
473 642
311 585
409 599
414 615
386 595
437 657
496 684
470 611
468 654
468 607
818 841
434 664
544 687
261 552
937 944
673 825
527 684
886 898
409 603
718 843
430 661
450 588
420 617
672 762
725 778
407 572
806 891
897 959
509 666
670 759
458 655
557 667
324 534
467 657
473 665
801 913
488 639
267 517
908 910
782 818
460 633
687 811
479 620
706 803
861 922
563 682
559 692
338 516
454 619
198 502
680 815
748 826
950 976
840 860
407 584
309 566
449 645
920 975
851 935
963 963
539 702
883 922
856 951
874 939
392 601
404 608
908 958
434 656
912 919
780 895
882 882
946 990
516 640
736 822
607 756
412 598
932 932
485 642
479 612
478 621
665 772
615 770
955 958
750 840
908 978
368 561
588 703
348 533
561 706
646 755
527 722
947 988
631 744
728 802
488 638
717 804
427 618
404 608
845 925
802 849
918 918
921 978
738 851
855 883
966 966
641 805
760 795
440 659
842 908
409 621
722 824
988 988
871 936
956 956
673 760
620 788
402 590
273 559
744 873
541 699
358 574
855 948
787 861
880 936
465 649
386 587
865 904
343 584
325 554
649 727
574 694
678 764
349 541
983 995
550 705
432 659
416 644
526 653
596 771
951 951
538 665
285 505
949 949
378 569
644 724
810 847
778 897
909 968
820 846
838 890
759 830
737 854
662 812
852 928
841 918
806 877
929 929
358 549
655 807
245 518
487 649
829 884
898 906
886 948
641 736
916 946
616 781
429 625
786 886
393 573
789 839
440 633
900 959
925 988
448 640
738 788
212 511
324 569
577 726
394 602
940 940
999 999
238 520
686 748
359 566
562 747
833 915
473 634
945 960
468 626
480 623
880 917
294 569
802 861
937 963
627 751
718 835
518 694
823 909
341 517
423 627
649 750
454 647
930 970
514 655
396 585
384 580
770 846
902 967
554 670
871 934
931 993
286 503
651 750
601 775
748 852
257 516
374 553
233 505
436 645
482 669
530 694
632 736
362 534
309 513
593 730
359 590
871 914
699 813
771 846
651 750
959 959
876 957
722 842
198 503
400 572
378 573
248 542
330 546
881 911
477 663
514 679
706 778
945 945
828 916
851 921
763 848
469 680
459 630
332 554
538 662
703 757
472 663
965 978
380 615
317 563
826 896
344 525
353 613
391 565
632 744
492 690
858 933
405 604
571 700
277 504
705 760
827 903
881 881
454 663
903 928
867 901
888 910
497 679
821 835
534 730
412 576
809 906
953 953
768 838
703 763
663 794
496 667
933 933
977 977
815 894
786 816
504 672
696 819
324 592
964 964
476 650
505 641
226 524
700 793
832 927
560 712
820 926
380 570
318 555
414 573
295 513
392 626
562 716
658 792
295 533
825 893
486 639
354 563
893 908
564 682
753 804
408 583
872 928
394 587
890 910
712 815
949 962
957 957
234 509
445 634
301 519
395 612
213 516
560 676
622 740
531 675
675 829
807 892
540 649
467 636
236 501
655 744
480 690
771 811
898 959
550 690
246 502
505 645
413 598
750 796
769 884
939 977
451 615
772 885
635 769
948 948
918 931
785 861
510 701
532 683
888 968
605 742
878 905
964 964
929 973
825 867
809 882
762 873
938 938
922 983
447 627
707 812
821 889
513 641
875 893
435 577
315 544
580 692
789 828
366 583
249 505
825 877
597 777
616 757
626 760
810 906
738 808
503 622
963 963
492 703
780 807
949 949
315 560
730 835
307 513
538 686
464 656
655 744
841 900
658 786
629 788
350 551
802 913
921 968
536 710
633 738
325 513
924 933
954 954
981 981
665 735
857 884
618 755
451 617
956 956
738 827
757 885
819 913
885 946
881 962
475 604
474 615
487 698
348 606
518 713
807 831
792 843
535 669
771 849
891 929
714 801
522 713
477 625
696 805
487 676
694 778
777 849
777 888
506 688
728 818
329 588
564 734
687 837
678 748
508 710
296 551
796 906
831 885
843 875
608 735
521 710
769 819
778 867
928 966
659 748
546 741
420 633
338 567
518 680
717 808
507 673
954 987
651 759
417 643
361 554
1000 1000
599 770
254 539
848 885
334 541
