500
350
607 836
703 834
703 847
800 972
407 546
437 602
739 840
654 890
612 823
612 772
517 580
787 950
685 808
429 598
441 616
812 992
729 911
381 528
457 504
466 654
723 879
637 799
679 924
534 702
631 860
518 595
398 551
740 962
445 527
505 719
792 930
675 828
670 864
424 565
528 713
592 775
642 754
418 604
703 836
545 626
752 911
524 618
809 982
363 530
709 817
379 527
764 918
492 559
579 671
483 664
563 692
469 508
777 927
686 838
474 603
668 787
618 834
570 688
490 665
439 613
479 584
831 983
689 892
737 986
522 721
555 711
760 929
711 974
522 623
481 683
554 694
605 757
718 858
795 959
763 906
467 524
467 661
403 557
378 502
587 726
572 774
801 967
808 990
462 605
592 822
406 556
472 565
442 582
537 666
520 572
778 920
601 777
591 673
458 658
438 505
563 637
419 590
553 735
564 769
553 668
724 858
430 520
816 959
792 980
524 739
503 549
422 581
402 584
425 599
527 698
762 966
656 745
480 609
743 877
377 520
584 717
524 618
677 800
720 838
469 621
564 645
454 609
526 643
722 967
486 520
732 943
819 966
725 893
742 870
717 903
537 759
717 898
395 559
619 803
484 553
698 863
749 978
651 755
679 839
662 809
632 851
569 665
759 978
627 790
601 776
550 681
489 691
387 527
500 669
708 828
466 514
434 590
802 961
688 908
763 988
410 518
785 925
781 975
403 548
715 809
649 872
649 783
581 676
710 884
495 599
638 757
734 993
552 609
447 645
707 932
716 841
615 776
678 913
866 999
589 782
763 981
567 631
596 659
632 754
541 601
556 632
467 505
805 978
654 783
669 762
781 951
647 803
662 798
825 969
592 693
472 620
560 616
672 919
680 782
486 594
649 837
774 955
342 505
813 964
345 518
632 765
686 859
803 940
655 767
424 583
730 909
686 938
609 692
782 978
625 799
648 858
767 979
781 920
406 501
747 912
748 912
480 548
551 616
597 810
583 701
534 627
381 549
724 846
761 942
462 563
776 916
584 677
470 622
559 786
598 730
581 727
675 880
739 866
529 687
644 858
728 856
618 826
577 726
799 976
687 893
535 733
664 890
690 792
651 833
531 588
419 609
693 880
411 595
706 910
704 908
547 650
448 552
569 750
399 545
611 806
521 671
555 767
449 513
752 882
398 509
515 665
589 776
559 641
492 611
572 751
842 965
505 665
442 546
551 715
774 895
652 855
452 647
723 969
531 655
773 959
453 520
817 987
749 852
679 935
529 646
374 507
622 746
531 608
742 926
613 786
443 502
749 915
708 801
381 561
602 691
742 900
487 647
403 541
543 621
800 953
815 967
733 835
512 660
586 699
698 825
501 597
499 545
370 518
716 854
440 593
785 944
633 780
396 508
779 922
686 823
445 611
441 559
713 920
662 743
401 501
524 570
650 770
630 747
484 558
577 640
383 538
673 902
761 937
522 595
637 795
768 934
374 534
760 937
718 821
639 843
454 605
661 901
542 752
683 871
401 522
613 810
765 970
428 510
416 526
506 718
450 599
440 572
586 687
370 546
684 934
494 587
560 741
466 593
773 970
740 938
523 676
647 827
557 674
742 935
356 517
442 626
425 510
666 759
416 526
612 732
489 690
641 738
457 601
494 571
552 635
531 588
347 518
856 993
510 650
660 782
448 545
701 822
684 866
525 650
807 922
617 746
820 979
628 826
558 778
503 592
459 661
624 790
432 561
640 780
416 528
590 732
690 789
579 683
457 621
747 916
809 924
441 544
584 791
573 792
447 530
702 911
523 601
618 847
522 616
642 864
660 793
702 868
379 541
566 694
680 810
582 758
509 602
534 597
747 897
721 874
599 821
607 804
470 594
786 955
637 721
720 931
648 792
603 738
532 721
522 578
691 857
832 996
460 605
706 901
808 985
686 833
640 821
372 553
585 737
419 527
549 718
540 719
435 502
717 957
592 789
560 691
637 746
563 653
828 981
353 506
827 1000
634 724
535 598
470 590
401 580
713 892
459 598
456 651
731 872
676 821
621 708
527 615
739 1000
603 838
735 965
403 570
774 961
418 516
687 779
403 550
751 867
671 777
413 521
811 964
702 956
570 665
451 635
698 786
501 583
623 771
440 591
542 659
687 909
431 610
604 718
719 904
666 805
693 814
411 592
606 827
621 738
462 558
503 573
807 999
543 620
782 995
435 599
457 570
552 745
636 768
576 740
824 999
588 763
412 598
385 538
445 606
457 574
526 582
624 755
498 649
