500
450
700 779
744 803
846 982
624 899
906 966
668 882
982 997
651 978
785 806
606 755
763 942
829 889
693 776
702 801
711 873
632 701
899 1000
666 772
731 818
638 838
666 779
678 905
610 948
734 930
764 776
654 821
854 860
970 989
688 883
782 801
646 705
757 787
727 966
818 985
611 707
698 796
806 847
878 969
825 871
695 769
682 718
780 810
679 985
921 972
686 924
633 951
730 824
662 775
824 937
785 855
659 936
868 930
746 984
864 897
712 863
741 774
914 953
673 935
636 636
948 983
957 979
817 962
700 935
691 711
705 806
619 656
609 655
993 995
938 979
814 933
710 877
751 822
718 779
693 697
746 821
980 986
765 837
666 796
818 884
737 937
850 914
805 835
714 931
828 891
611 857
953 960
660 848
825 845
694 857
764 851
727 815
691 735
837 982
722 978
644 661
624 856
824 987
685 902
663 991
738 796
740 758
716 947
640 807
769 803
704 937
761 933
708 877
697 707
659 743
775 886
756 979
685 911
633 951
742 856
610 1000
793 888
700 863
874 964
688 752
779 783
885 903
751 975
727 961
737 770
659 875
602 847
852 879
810 874
626 891
662 816
673 997
761 966
970 975
792 876
871 995
605 776
668 815
718 806
686 846
675 701
665 924
649 770
659 674
644 671
838 988
613 981
784 831
667 668
968 991
935 994
907 999
805 835
850 853
883 955
611 630
741 869
811 975
650 986
877 948
763 866
601 987
659 951
792 829
661 786
691 744
750 1000
680 767
685 907
621 631
752 762
756 977
640 939
795 907
777 803
684 862
691 731
789 991
683 993
646 729
783 971
844 930
858 909
795 878
783 879
889 984
706 799
798 903
616 688
697 970
645 742
902 932
710 891
740 985
612 841
611 803
680 834
735 803
713 771
658 810
713 765
645 855
600 858
985 994
667 786
660 701
908 934
766 926
829 848
639 759
649 988
689 872
797 946
618 784
742 806
600 765
692 922
624 689
864 915
839 885
728 829
665 979
843 882
697 734
791 872
716 722
860 927
623 849
902 961
808 816
611 769
642 809
736 999
677 854
730 959
830 857
669 901
795 836
604 835
719 734
754 866
702 726
863 907
770 882
806 964
621 872
861 894
667 965
788 965
767 932
667 987
747 837
674 957
627 753
744 771
884 941
727 882
700 912
735 969
794 892
688 774
822 854
729 745
761 938
610 639
677 967
655 701
680 957
895 933
728 819
883 923
601 950
613 886
862 946
603 900
613 713
755 861
731 859
720 947
730 978
653 768
672 981
765 916
639 964
847 936
772 869
617 884
751 973
601 656
797 886
671 777
905 997
697 917
606 709
886 944
697 772
837 854
659 922
629 697
627 753
671 713
739 863
624 675
699 775
648 775
951 966
723 909
607 983
875 931
947 986
772 939
744 964
634 750
846 901
646 698
891 918
978 985
848 977
608 618
625 817
745 756
771 874
727 983
943 958
960 970
943 966
751 791
663 990
685 943
946 970
666 682
933 945
630 841
732 811
735 850
863 890
642 923
730 988
805 930
767 831
636 867
653 928
859 906
880 966
852 952
736 787
816 853
621 683
682 824
952 996
612 953
631 695
795 920
687 964
646 822
668 732
668 940
711 715
841 917
834 940
606 830
896 964
730 778
732 801
846 956
860 955
674 925
664 940
645 945
628 991
733 977
798 909
771 793
687 728
669 825
713 986
711 754
625 913
635 673
949 983
726 813
699 934
767 911
838 863
851 962
625 768
966 999
786 977
747 815
735 818
863 874
805 812
826 907
600 633
824 988
656 737
720 762
709 762
751 882
796 826
601 871
661 904
971 986
732 768
935 995
772 793
629 870
708 744
600 824
650 834
704 906
667 677
678 708
606 618
737 974
650 932
851 969
660 996
618 991
607 896
778 874
627 810
811 971
612 694
616 981
655 910
651 778
637 979
831 900
727 926
683 694
803 905
713 772
922 950
698 856
618 785
619 897
794 886
739 976
815 828
674 846
726 858
917 922
658 707
697 862
679 995
696 813
653 665
644 780
647 979
668 843
735 805
784 894
615 899
739 841
665 822
600 874
754 826
632 858
677 762
734 749
752 895
762 969
738 918
671 779
674 730
788 889
618 798
861 883
630 673
719 980
784 868
764 973
839 882
731 840
798 994
801 820
756 782
816 840
626 975
687 770
675 719
904 906
633 865
620 956
602 664
677 876
643 708
840 852
856 993
775 926
651 847
612 649
733 938
667 898
639 713
789 835
642 759
609 937
650 792
638 774
