100 100
964098 657925 445910 1009518 130786 1038527 171675 310428 67138 676419 427005 137352 516260 895594 189360 466462 448096 322386 105857 81779 331792 238805 565009 976318 853549 576891 432613 932500 190051 669334 428492 195223 103452 433950 960209 452244 976284 672633 356470 653501 290569 194622 96643 769288 199164 402172 192584 833275 400445 13812 843279 842880 271748 329307 838484 824975 439046 379033 590352 1005556 748150 952795 884399 964069 932501 500296 454120 33170 37472 411739 133912 304189 728217 362160 104069 243146 368382 972894 1035554 339671 603701 22722 766615 576534 535600 930861 945378 468838 794878 1000513 696664 459996 920775 190864 559419 998029 1019187 231339 176201 794254
1 100
1 1
100 100
40 60
72 90
50 100
18 73
39 80
63 68
53 100
67 93
65 95
78 100
81 87
28 68
46 59
7 88
45 51
21 33
20 100
57 100
60 82
5 99
86 97
27 62
51 100
5 100
65 91
49 62
9 85
9 74
30 66
85 100
89 100
4 17
23 30
93 98
86 94
15 46
27 77
33 83
94 96
100 100
3 26
35 82
75 84
51 66
74 98
48 100
96 100
46 83
23 39
85 100
52 89
41 78
49 100
100 100
57 100
24 72
24 63
47 90
62 100
45 100
48 100
51 95
63 96
13 42
77 100
25 47
57 100
18 85
46 93
59 77
49 88
5 84
17 50
56 71
68 100
18 28
95 97
11 52
63 91
39 61
71 90
66 86
61 87
46 93
66 76
76 84
26 42
50 78
8 100
30 81
44 100
27 91
45 60
53 89
44 100
18 23
30 98
