100 100
807120 22689 799372 848052 658771 489080 1010522 836830 850763 270 460737 38032 113027 129828 252027 968311 856813 189794 228784 646164 543414 374868 295206 319970 248430 115615 239631 105032 530998 356850 750473 26794 767783 586627 222065 319506 216729 635602 966812 180192 211421 451845 831418 199485 802822 888871 426894 31741 328897 689890 559901 63212 154238 552568 506846 683377 535115 659092 371598 97730 567919 528208 178403 780534 139290 433703 589840 480483 454805 117608 11472 978081 457090 380139 315993 278363 983865 725997 362033 649734 910425 467106 1006699 780526 943941 120240 326227 817377 523466 586284 608015 317314 767792 940686 189427 576242 964897 687481 356688 469585
1 100
1 1
100 100
40 60
42 89
86 96
33 33
71 91
19 99
92 100
6 94
31 45
14 66
76 95
72 100
43 63
43 96
5 10
71 100
93 100
31 100
85 94
16 16
20 41
16 50
53 98
7 61
31 100
97 98
20 49
80 90
15 86
56 61
82 89
84 100
78 100
92 100
70 77
84 87
38 57
87 100
34 100
12 79
29 96
65 100
4 18
82 100
4 51
16 51
75 100
76 100
32 66
10 37
42 100
78 98
35 86
24 77
10 100
36 100
41 44
70 100
51 52
50 100
94 96
3 22
78 78
70 75
16 27
6 46
76 97
39 61
63 69
17 100
24 86
84 90
45 70
19 95
78 100
69 98
75 79
68 100
99 100
11 92
9 30
4 26
99 100
13 34
10 23
100 100
82 94
30 100
8 65
33 33
5 26
69 87
30 77
59 94
86 93
70 100
79 81
