100 100
739479 593400 361861 101744 506631 483282 491907 6135 276132 123922 417022 405594 647043 223554 405662 315178 242891 454045 945788 10683 240996 770827 295555 729189 996090 119644 129223 311083 308157 959283 136855 226979 469823 700057 199145 372636 915912 873268 186444 893910 958113 96073 264673 809461 436189 121341 151414 777767 201120 623965 401867 12089 211303 157591 817196 461307 1020279 1005625 156079 125175 766794 86569 794163 11187 1007195 76000 498942 59793 338841 638644 775350 88803 646235 981843 30694 251725 65530 613828 105904 94044 29294 809987 588950 905376 41947 964941 711706 421710 663245 1016948 587264 540476 661859 832861 745040 750028 373560 316595 318179 976922
1 100
1 1
100 100
40 60
66 85
83 84
82 96
89 99
69 83
91 100
63 100
19 50
73 92
56 79
12 55
8 21
78 78
94 100
49 78
9 11
20 100
26 34
13 73
31 49
52 75
24 73
43 62
7 90
82 89
61 97
23 84
55 96
8 77
18 46
50 79
99 100
95 95
24 33
86 93
6 35
72 89
88 100
44 66
67 100
45 47
8 42
31 67
46 54
17 36
55 74
58 78
50 100
26 100
16 64
46 90
17 42
33 79
16 96
64 65
38 45
43 43
56 80
35 49
19 95
18 100
8 43
14 100
74 79
72 100
95 100
96 96
72 81
22 69
70 100
62 100
19 65
47 90
92 100
78 84
12 51
66 100
12 100
21 36
95 100
53 100
1 8
82 92
43 100
22 97
30 87
79 98
66 92
70 100
97 100
95 95
100 100
9 50
99 99
7 67
4 40
