100 100
530470 554484 423794 739835 504812 769649 48011 854001 161321 835601 428378 654285 726423 620902 544240 744706 90662 845681 41558 302267 956774 789212 310060 611539 113618 597349 472185 855467 546315 783979 689631 83958 64181 571625 526859 320826 502082 674504 568133 632164 739632 44982 587300 313728 565505 476047 406831 202413 76853 662471 325398 84704 382117 19512 494000 174287 285092 686430 575624 589568 88267 941466 849568 1047359 826507 791141 165586 369579 661731 303400 393661 981823 536648 893094 961312 43743 400103 251298 987365 493127 619946 46245 514510 334639 663552 954481 339922 738617 968937 162640 462658 765706 341028 776284 939979 75886 69876 881791 1015610 66402
1 100
1 1
100 100
40 60
15 21
34 86
43 45
37 49
58 71
40 49
41 52
36 80
29 40
24 51
95 95
24 70
4 78
82 100
26 53
66 69
45 46
36 74
71 80
89 99
3 55
30 86
51 72
78 84
80 100
63 73
41 77
65 72
60 75
47 63
43 87
34 51
63 87
82 86
96 98
46 91
39 95
90 100
16 96
71 71
78 100
80 100
27 65
29 44
35 100
14 70
35 83
14 99
80 100
14 84
63 92
82 83
19 76
66 73
62 76
35 67
100 100
75 89
26 54
33 100
2 36
89 100
62 95
89 95
41 57
82 88
60 97
38 100
4 71
56 56
45 68
5 29
50 86
37 38
93 100
66 68
66 97
12 41
82 100
18 84
73 83
73 100
21 60
29 56
15 53
63 66
38 96
70 96
36 100
31 50
19 100
59 79
87 100
4 4
100 100
61 80
