2000 2000
0 369948 155687 646443 39382 401495 129072 182249 709944 0 727575 835613 335106 365401 991593 911748 1020726 560316 0 532842 774097 703206 598712 160755 90724 879577 126931 0 295069 651205 340196 278816 566252 183091 771764 503500 0 69991 652809 665046 959801 118154 76753 845401 407957 0 169608 1045108 1030894 244911 100922 1037587 389725 740056 0 512943 27126 119424 5947 859476 161287 604282 366128 0 356808 115734 980306 362953 553979 855573 226791 491469 0 626894 389090 500539 112812 305492 942618 865539 548519 0 590254 262435 451827 290287 799250 145497 371292 988447 0 494532 839949 677100 943461 799690 279847 784021 539946 0 803227 757486 778358 587024 709205 592418 208437 421237 0 510855 64712 152812 396584 1033736 833052 7489 5449 0 937557 192665 498500 930566 1613 645466 861529 223365 0 739844 546258 40624 209303 471221 920900 210002 302182 0 69686 112006 86698 883907 1040621 844604 931349 762746 0 905366 725732 905893 511868 730187 739998 523488 684546 0 231325 860825 767922 968742 311416 580635 985967 24730 0 797070 602623 374962 816640 506232 185468 13713 337605 0 254768 196977 70466 673588 485634 550637 426436 714940 0 22228 493155 903643 601403 638989 480212 680821 487093 0 55427 777266 728678 103019 299220 588363 965959 79747 0 155970 245687 414864 19350 446864 186880 84995 652043 0 444337 321145 666335 648884 744033 197322 189246 112548 0 420150 597801 663730 538206 386940 273422 541415 425129 0 1047102 1048556 896462 147672 79993 326712 253012 365788 0 528301 689141 716029 720692 516736 417369 395848 724144 0 579502 960819 602451 119316 469877 234121 610691 207667 0 549687 268744 575188 404543 323882 636577 707750 541925 0 252181 557534 535707 666486 947389 982046 235974 76269 0 642350 897317 420189 284182 498717 361443 953582 588193 0 931885 857354 893777 289424 780690 862776 986793 523813 0 615895 975681 144401 411928 440747 757954 2608 496876 0 5849 779852 729996 742910 1029189 1022427 695176 68455 0 902193 332941 520658 355324 544784 784365 798864 392436 0 614158 348652 665056 595426 131791 922056 898986 1132 0 339565 517831 774615 952930 479645 1030505 87628 1000725 0 486416 962390 59987 299934 689582 210130 369338 367273 0 767229 358991 574433 854902 629110 140571 607279 45039 0 959427 499102 570526 110173 513545 217490 348468 496048 0 1010209 350204 645217 190860 962624 857998 450124 494388 0 127069 921679 609879 7744 924912 179629 277420 683168 0 635667 939233 677304 84532 18967 368241 1022194 210110 0 896382 866882 232356 178320 147235 490674 861653 175966 0 589257 390934 67618 562795 438179 936765 694032 546583 0 694185 21065 786305 449425 964335 982673 520708 535243 0 943450 979100 511697 27786 596306 512543 600063 725497 0 87648 883312 485325 984897 592788 637238 325070 494036 0 991032 481800 1031204 756158 795223 641996 428821 257043 0 296673 875130 580376 362098 746552 839653 672389 689558 0 388317 910611 304967 850150 727466 409757 314175 186776 0 901872 962160 804559 88402 1010444 928147 276147 634328 0 147297 565934 89832 263757 172890 277353 720610 833976 0 622491 355127 562757 242981 802266 947288 918768 429927 0 1022244 406214 882238 553110 255880 584257 681229 220341 0 340774 383080 985646 81263 126080 290458 872539 640270 0 458643 977828 693352 977167 459025 743920 879386 677768 0 864039 142852 754384 168773 173117 501388 43693 905062 0 333525 748090 629540 920562 1015150 326104 467969 971369 0 125406 621277 892334 486375 949867 645348 263617 987700 0 691464 879854 792791 765482 716832 595330 828969 167630 0 947411 630404 718762 225678 983946 883106 209675 1028501 0 769652 179499 285903 659962 302104 250729 930761 1010151 0 533855 79982 19843 216009 28447 427112 458871 1038743 0 98616 838429 468341 947593 338064 81856 517110 799388 0 529819 936228 518606 677491 521205 855981 48624 796970 0 1044487 320486 615956 918568 551837 552970 740657 36543 0 151398 136220 102481 934762 326059 756137 563093 245371 0 670636 887863 309629 365617 885326 79340 75848 923235 0 163028 357724 599989 732545 345952 795548 726487 103472 0 757942 964992 89865 597504 721474 737871 516753 677546 0 814049 318028 644063 490033 488105 168764 497320 98429 0 223931 248392 168451 1022888 911721 292120 319846 686776 0 809142 34238 629040 838072 949751 769163 801850 490222 0 846477 691983 976861 806136 42067 879548 778763 965547 0 996533 874241 151682 466518 958830 154237 525701 1005619 0 709168 351844 458230 817336 512146 463773 456319 291206 0 1000731 710586 569900 252127 274548 290565 119117 827770 0 689663 906795 395569 617891 850115 938488 853260 565946 0 336692 503412 929757 947023 1041200 505772 66653 458866 0 311919 1001697 411710 86780 494178 799799 193371 415965 0 829177 1038632 818570 111100 687992 453799 486104 993818 0 714586 992005 615146 954587 464526 71683 916679 154562 0 632204 208679 542873 466571 951302 266411 366761 824738 0 965121 865242 345815 862612 955827 8691 283481 596978 0 175616 362633 256893 983020 527630 122124 264058 129871 0 476017 598143 165603 466688 571494 132896 81085 283194 0 380468 645201 263100 665517 177869 992173 271621 804110 0 435236 375153 743083 957718 506292 641195 343532 766357 0 289739 766811 621829 319422 835340 813888 56863 865606 0 940998 114577 860166 74576 839905 905126 312078 501498 0 315327 380340 225010 318663 474622 272427 603564 996229 0 600183 470998 849460 288530 591597 17867 661134 879967 0 1006998 663349 430123 558005 27625 171580 922240 709621 0 765936 913511 751304 187234 603975 908758 108030 291266 0 666599 921528 982070 306360 51560 454263 781808 399626 0 295751 900709 691010 467408 976828 885623 1038699 82409 0 222524 792404 251434 319330 612937 14298 456392 779065 0 206105 299265 292472 1020243 901037 16748 638732 32586 0 840894 531311 501484 545889 46307 188173 943174 198696 0 404961 149480 906537 1041750 123697 736569 182130 210965 0 287402 353858 985556 421590 822382 1045931 791400 226120 0 765451 63744 233310 470071 455278 175708 820325 1020477 0 99027 599206 522289 299995 512494 512952 104384 982489 0 70147 852333 662432 507374 590600 424732 820760 168155 0 178212 590694 508237 161639 45294 663929 882036 740389 0 942723 651770 553765 689652 591186 465021 555379 168145 0 127949 286833 2038 147321 237081 381681 977889 478710 0 546624 976488 738212 502749 223835 56725 191544 460808 0 4816 357415 90250 24898 732514 750720 8253 56298 0 618912 50849 932089 27309 60919 616532 644614 1021071 0 889947 424532 176354 842150 651725 355216 538656 111365 0 165976 468240 1001127 380930 610399 374187 823788 997227 0 160481 343608 875067 58298 685690 604719 313934 893621 0 194062 987827 477484 486836 350981 562451 926918 929826 0 619811 362754 449369 639980 192776 32490 48415 952817 0 516688 456550 240681 912464 571434 291925 965476 710996 0 662191 323262 242117 328950 1028140 645475 861056 893255 0 234809 609235 652550 167269 580325 371914 926725 846091 0 862596 780556 80138 510300 552837 394583 537923 50348 0 339935 832699 953953 869596 516057 332245 654824 529696 0 943917 933448 338792 682475 716941 278824 383521 292014 0 521211 1015708 998845 344083 626532 451489 857190 415143 0 2683 325076 220647 533064 612577 616280 1019616 125353 0 912849 753020 521293 963170 813052 11643 178384 558336 0 22668 521566 450110 362814 662387 891115 8951 358450 0 339058 378783 227111 984500 90052 987101 693758 185670 0 373371 347546 1030151 43945 909972 963663 358024 283524 0 103514 935056 228325 738313 610113 982797 288829 539387 0 205699 51777 12845 342334 914557 20575 386070 789495 0 968064 191460 969908 887510 962081 653726 110325 756570 0 711462 228906 980573 199778 178613 353320 375722 740756 0 650172 109530 902028 344752 9953 618651 41671 503560 0 258864 448273 869038 990250 968406 315365 62306 357465 0 175105 277701 703536 146909 354002 425019 831687 1038277 0 121546 855955 802468 408758 211751 963417 16712 841834 0 933521 582720 759939 248901 773405 452579 172348 300759 0 410745 201848 918593 807178 168152 912559 828779 30217 0 133469 737409 678411 132806 894327 760034 899571 411921 0 955703 643340 180981 915006 374306 560154 998277 115640 0 381936 99743 881348 121949 1009760 1016825 1038838 69475 0 963873 291540 30330 133198 400077 153097 293303 388724 0 324698 125749 639403 584749 971748 1022265 166542 340922 0 360549 495978 107820 829675 532823 670982 107724 105895 0 1019349 774202 779994 811232 731971 687245 966170 226305 0 401824 691095 515434 281891 1044068 25941 463560 57383 0 529312 51061 358533 175460 757250 379268 416779 171371 0 273871 849694 811062 466792 590986 997531 496654 1045445 0 899371 364027 1003298 1028821 160553 51205 267669 780680 0 863483 11000 100285 307442 770140 231261 431961 77006 0 162366 630957 60689 33785 939750 473493 777610 405819 0 231758 985770 563674 174361 916765 913261 907630 705337 0 467533 210910 648033 552816 47686 205841 58076 616051 0 858757 130608 245494 68104 264919 509533 297976 246106 0 568063 689471 273288 605589 739202 955525 385214 117047 0 450004 759787 586092 1038377 92412 241733 1013715 841545 0 523014 869309 207682 810657 752651 113609 64425 426927 0 79722 665160 694806 753921 1042864 543844 477922 698789 0 688651 510722 730591 825433 650836 704244 314978 982498 0 911355 195656 752203 516748 750787 283125 611956 921260 0 831389 234938 979959 709174 820590 162341 773111 162869 0 245362 918962 10830 335451 364081 34703 869541 136932 0 663788 171848 399759 929048 69871 298326 85416 113689 0 457718 281545 65247 957589 902080 977347 899282 974003 0 234464 69210 573066 133938 148862 515759 551158 80603 0 421328 332281 348733 816315 1004655 570857 585446 382805 0 230627 241814 601470 252793 637799 930863 547662 51144 0 167461 1005927 21646 851000 97808 83462 290652 909124 0 563997 579421 748480 1046478 294019 12414 469423 264173 0 630663 512518 419970 854173 500914 742996 429016 55517 0 208714 159394 615455 480749 992980 336671 134834 323766 0 1019066 691545 532672 916436 510982 69178 71166 1044426 0 390398 486250 999629 926463 819827 680332 395388 279759 0 1040516 129390 181418 318668 970923 434898 674223 690297 0 771379 105520 868582 879915 709824 503690 723813 285793 0 3290 911916 497269 9897 550191 704782 688942 104916 0 956368 934086 154290 776093 429114 259795 258290 166798 0 191354 410706 113343 24224 4879 678967 1005048 786326 0 166938 1028632 722050 526619 806893 200982 1019753 705098 0 188978 324739 29815 566423 546844 828413 808237 426489 0 836309 260503 986473 561565 927007 786889 937527 955923 0 425881 1010491 656277 193642 881420 409128 190130 743991 0 428109 868861 1032140 233575 585384 990660 799227 269521 0 635413 141988 1045100 958467 463233 579336 242761 993094 0 415168 583569 490560 698892 1008142 940233 1015038 975860 0 109184 771192 689515 146910 880036 58269 685950 1015748 0 817733 391914 776891 430230 719910 812582 909215 510446 0 770083 661544 443437 315145 315812 812222 690911 891885 0 663516 1000777 609901 665802 948297 370385 656563 261848 0 102150 726030 350161 954367 803038 260452 450776 480427 0 737875 884376 910624 946681 921708 416875 561765 843143 0 932692 377418 660951 658680 834434 141885 231860 215668 0 806879 989186 850999 799002 367409 92386 221776 64796 0 92081 395191 809719 107327 1048294 782128 818503 835110 0 747939 878188 411811 368366 396812 96138 1008198 650120 0 836386 436698 320957 158466 643459 800584 53243 350574 0 357162 182311 832128 833500 331748 946837 635280 151309 0 739474 1014025 157667 870965 517523 11222 800797 121981 0 197990 12400 55851 963010 781991 103750 269995 928156 0 128186 639189 663873 701987 432140 204756 238722 801275 0 863444 298619 819906 608348 785516 671712 269534 723606 0 510735 68186 1046468 989631 772452 1001048 799637 191996 0 783651 763810 212300 373322 96166 266706 772389 161789 0 369227 277060 164101 445012 889276 49564 63516 172194 0 63738 270274 470493 164351 40576 202523 290862 130828 0 630676 308288 991128 883293 519664 94284 468202 49618 0 225707 60183 678852 336349 203338 816774 440008 580412 0 558425 94851 648124 878068 408984 61512 850261 430384 0 332505 884182 265001 17595 478706 355918 263513 840524 0 255667 156358 830476 775429 862683 5839 562875 36979 0 533952 758800 292009 24308 263402 28427 836865 547989 0 987712 794331 656101 573068 239437 409846 407195 242673 0 906066 406541 205140 564488 330810 159653 611201 335384 0 164836 1014140 974686 97437 754890 460448 1000372 344910 0 49268 14770 16768 74282 149163 139284 63303 19073 0 464176 78958 104664 551079 266935 979227 640736 189825 0 391253 916626 85270 322881 55142 252870 193944 119488 0 33754 734702 83462 920407 198111 780072 444554 179670 0 755704 588462 866372 179338 444855 117903 413588 1033709 0 209890 762176 429637 585768 349215 479062 830877 165768 0 977332 855110 755758 497954 907205 925054 775083 327303 0 606743 131273 423741 946053 638429 163733 138979 213575 0 703301
1 2000
1 1
2000 2000
990 1010
199 944
1159 1427
851 1914
627 1483
1520 1602
132 1174
1714 1782
1493 1517
549 1051
999 1436
55 122
999 1055
1567 1665
1183 1968
1158 1174
1270 1278
1156 1230
1940 2000
412 1665
246 253
1896 1922
582 596
1828 1843
1690 1769
499 777
136 204
1118 1176
1453 1999
499 686
834 891
1373 1441
1768 1863
1277 1365
230 493
905 1973
162 174
1219 1295
1665 1756
1017 1106
995 1009
1947 1979
179 1797
1611 1813
95 166
1850 1914
1074 1690
13 692
1845 1968
790 809
305 355
368 1648
1920 1953
627 1946
1272 1818
452 1336
1660 1729
280 302
1390 1390
1156 1248
1156 1887
1103 1735
1106 1439
1597 1807
1697 1833
244 1270
730 1531
255 1960
1601 1672
1885 1928
293 1115
400 1298
1540 1852
336 429
790 1969
1997 2000
952 1505
359 435
1321 1910
1267 1268
787 790
1603 1935
1880 1928
205 1880
621 717
324 331
278 316
1999 1999
1219 1243
1132 1559
1760 1785
1863 1944
1782 1940
562 1579
774 805
239 1780
1574 1614
1184 1245
1669 1720
1062 1142
1836 1837
95 617
1619 1821
1885 1917
1854 1905
260 290
147 1550
844 912
1143 1790
1852 1879
141 147
1212 1247
1533 1534
1661 1735
1371 1426
1471 1953
1708 1916
991 1178
1954 1991
961 1004
1882 1911
660 722
293 1772
1768 1910
833 888
70 514
599 1651
367 1197
105 425
301 1769
925 998
1794 1842
945 951
1880 1899
97 772
854 925
1200 1293
485 2000
7 1864
1220 1340
49 713
1142 1146
1726 1767
812 1218
1955 2000
486 1275
1529 1604
1820 1915
1238 1317
1596 1890
207 278
237 869
1597 1936
1063 1065
45 424
254 749
1529 1912
1752 1825
1080 1596
502 522
1410 1496
1223 1261
1543 1547
46 1136
885 944
1237 1293
296 987
1341 1734
693 765
306 356
145 238
1561 1789
1341 1854
1006 1052
737 821
674 1109
1206 1523
791 817
109 555
1410 1413
1809 1844
1322 1417
1380 1414
1482 1557
1515 1553
620 681
1139 1203
553 1191
1399 1783
1867 1906
1859 1871
407 1372
1006 1096
857 943
872 1468
1211 1225
539 572
106 192
1946 2000
1719 1751
909 998
275 335
1726 1731
1883 1956
1451 1888
1412 1569
1160 1437
1461 1462
1323 1458
311 382
444 539
1901 1928
1874 1937
1479 1572
742 1440
1236 1553
80 109
1863 1935
1450 1510
1403 1530
1921 1952
315 359
1236 1630
1713 1943
958 1462
681 1029
1220 1280
1925 2000
1274 1383
1983 1990
1326 1700
1922 1975
1456 1841
416 753
1780 1925
1718 1979
1914 1975
12 36
1882 1896
1394 1881
1221 1655
264 950
823 1059
504 560
242 243
1561 1637
761 1092
1560 1647
1829 1910
497 560
1358 1987
1990 1990
850 1286
139 157
1409 1436
1972 2000
901 1043
126 1449
86 171
1065 1150
1026 1929
1664 1959
1619 1711
614 1293
1490 1577
27 1659
1958 2000
1317 1494
1844 1970
1980 2000
8 1813
776 803
858 884
96 127
410 497
196 595
1814 1899
1952 1973
1258 1258
5 1124
1035 1063
947 977
1798 1807
98 102
842 1894
1557 1647
1688 1776
315 1193
1882 1895
293 386
1260 1271
1934 1960
600 679
255 404
634 654
360 1388
1254 1406
866 919
1386 1599
639 668
864 945
866 889
1038 1088
135 200
1808 1917
434 626
1148 1407
909 933
1444 1535
557 758
1945 1958
423 1951
770 1626
203 248
609 672
88 1143
1961 1997
144 374
1856 1948
164 1632
1904 1906
1492 1718
1 30
738 999
535 610
1638 1690
1814 1894
923 971
548 943
1205 1755
1260 1311
795 818
375 453
1433 1482
1296 1393
263 1359
1801 1860
478 1646
714 813
1016 1208
1840 1913
215 265
848 888
147 626
1895 1916
370 1603
1428 1464
1228 1979
552 635
935 1452
1657 1688
1694 1714
1509 1647
1031 1452
1716 1744
93 328
1152 1162
1256 1310
652 1058
658 993
457 1429
198 1896
1583 1625
1722 1915
486 1220
1965 1995
1038 1674
1271 1721
1147 1972
775 935
1238 1316
16 782
945 951
676 775
1734 1906
1879 1972
1539 1623
1446 1485
1470 1513
1583 1746
1708 1810
1751 1922
42 1527
569 838
1048 1135
797 1297
675 1393
190 204
1468 1492
747 1715
458 504
1360 1934
1084 1097
1084 1333
1392 1440
713 1821
1317 1394
979 1071
167 188
1594 1959
1886 1967
1609 1868
322 1342
1940 1978
1567 1588
395 1485
1655 1925
1067 1133
293 1328
1240 1623
1646 1725
1556 1995
823 871
41 938
1939 1943
889 919
47 1471
631 1652
54 89
802 876
805 1899
808 1265
1284 1313
436 622
870 894
726 1012
194 259
936 1010
1409 1434
914 934
1780 1829
680 709
197 1768
1350 1391
489 822
92 100
816 825
355 421
451 558
576 625
152 241
918 1620
758 860
1673 1718
806 834
1040 1415
186 1823
1305 1658
1873 1973
1393 1705
245 324
1714 1758
1817 1925
1727 1763
1411 1421
816 1014
777 834
807 1812
1289 1351
998 1202
150 1470
162 170
237 276
346 422
1401 1405
776 855
650 705
554 1074
1825 1870
1711 1970
828 872
820 851
459 1791
714 1476
1455 1500
105 1583
1266 1363
1953 1954
637 801
1624 1728
871 1748
1068 1522
493 529
756 1414
1657 1695
982 1999
1117 1217
992 1280
1603 1612
228 280
54 1609
353 707
1551 1757
1828 1926
223 234
45 103
1235 1283
760 776
1066 1145
888 1873
741 775
710 736
121 152
147 231
1830 1867
1381 1504
1605 1705
215 1390
1528 1804
15 311
1827 1954
957 1871
1218 1775
1559 1582
881 1604
311 368
582 1963
1397 1754
1548 1679
1018 1025
1905 1957
680 734
1322 1367
603 1168
1502 1934
194 883
526 912
1538 1822
997 1240
1741 1789
777 858
711 1604
866 966
1581 1836
656 971
1347 1685
323 574
1103 1590
1327 1382
204 655
1030 1656
1010 1028
1420 1580
895 1857
520 554
526 620
1043 1531
966 1063
858 927
1972 2000
282 339
1425 1453
1894 1978
1355 1356
51 538
511 523
234 979
1907 1936
46 1886
1004 1861
1722 1804
945 949
901 1600
786 808
1564 1564
941 1574
1449 1811
1828 1831
1243 1683
1091 1398
1154 1463
886 903
1440 1496
1850 1938
128 167
1447 1517
1816 1843
368 381
1337 1353
1408 1449
1403 1835
900 1577
895 980
543 625
704 1138
1165 1551
550 647
937 1215
794 1353
1291 1949
1688 1889
1767 1803
1983 2000
1597 1739
1778 1942
1338 1369
1190 1433
1574 1639
1338 1496
297 1014
805 998
1536 1768
1532 1822
953 1869
1930 1941
1313 1640
765 1761
1997 2000
1935 1961
617 628
794 802
805 1323
1560 1804
281 1686
815 1291
1004 1622
875 906
1510 1552
521 522
221 1763
505 1536
232 771
1730 1804
995 1866
1374 1455
484 536
614 661
1396 1449
415 438
310 408
943 1003
1090 1185
1328 1328
1886 1896
457 514
1710 1912
1225 1992
1287 1289
26 1982
1429 1725
922 1366
169 879
1426 1431
1409 1446
1894 1955
566 613
1118 1119
1011 1063
1741 1768
1163 1187
1125 1139
1597 1601
661 1945
447 494
1708 1833
1223 1290
1802 1878
1486 1499
857 1235
263 335
773 855
279 312
1697 1720
1222 1384
1927 1933
104 117
731 741
617 1701
935 991
197 241
747 779
1364 1414
1620 1707
730 1421
1759 1812
1782 1933
1167 1579
1280 1322
393 462
388 1096
103 111
556 619
1337 1353
1780 1997
248 1641
1548 1937
1352 1770
1692 1757
1915 1940
997 1212
1203 1973
447 519
34 42
1894 1894
1236 1264
416 1347
651 723
968 997
1003 1078
144 181
359 647
1073 1688
1189 1241
1556 1639
300 397
221 1800
522 528
1916 1949
1107 1421
1071 1113
758 1397
1588 1668
433 501
821 948
635 963
1861 1948
927 1015
1722 1794
719 783
1802 1864
329 516
1802 1896
1850 1890
56 436
165 1809
1153 1250
493 508
1756 1804
1019 1240
1883 1915
237 492
1180 1245
1129 1595
1285 1894
1469 1485
386 1365
1477 1535
60 1841
193 289
721 816
451 973
286 288
1407 1682
983 1861
1717 1815
982 1023
1749 1825
1486 1940
1516 1580
781 1802
1836 1934
244 338
586 664
854 1088
723 812
1850 1868
296 547
1946 1979
710 804
770 808
682 1627
1198 1817
41 1618
933 991
736 808
330 1793
1501 1529
1919 1991
1910 1998
495 518
273 1212
1742 1833
1103 1200
630 1318
1369 1629
1029 1033
88 160
1503 1741
917 1461
252 1674
798 843
1106 1631
524 619
1345 1369
292 352
1212 1283
338 1826
1647 1989
1827 1869
1903 1969
221 656
1375 1429
1105 1199
1948 1976
1989 2000
337 358
1102 1130
8 921
1891 1901
331 1247
1666 1753
1056 1585
1289 1512
267 306
1655 1663
1596 1680
1851 1920
473 877
744 778
736 1162
1316 1409
786 908
1189 1299
1721 1742
1248 1599
744 831
1018 1055
1000 1468
1592 1682
509 1102
1682 1691
1215 1273
733 827
879 928
582 614
1927 1963
1915 1950
1672 1700
248 280
1504 1576
607 682
488 1628
568 569
173 264
1269 1754
1906 1978
1789 1859
932 1209
702 740
1221 1226
1698 1769
261 1641
493 1452
155 621
991 1050
532 1643
88 150
193 254
569 647
1221 1271
1212 1289
817 928
86 451
1784 1954
559 1904
827 1636
89 129
1644 1858
1917 1992
644 1594
902 990
1775 1851
566 1621
96 1556
570 657
1568 1811
1059 1075
1767 1791
1183 1229
1941 1963
1178 1192
1167 1267
189 314
390 458
1984 1993
1130 1141
137 170
1305 1332
1699 1935
1201 1283
120 1491
1636 1827
755 817
1761 1846
389 427
429 460
1281 1865
1097 1514
1729 1877
1456 1491
1506 1728
860 1668
718 1373
1349 1444
339 433
742 1536
1329 1554
1618 1760
1106 1722
1213 1290
364 1332
830 855
1555 1651
659 905
1765 1811
130 974
694 755
609 860
256 488
614 687
591 667
1954 2000
1491 1841
1913 1952
475 1784
1123 1152
141 643
536 613
172 263
867 924
1078 1127
1311 1442
82 153
371 1515
1747 1835
851 1292
1220 1755
1316 1451
891 1161
1076 1167
504 638
316 341
778 868
1202 1567
395 1333
1620 1716
1183 1258
375 673
64 150
253 560
1903 1963
1825 1973
1216 1703
207 300
1245 1262
1810 1855
1331 1656
1577 1641
344 423
1983 1984
1543 1564
186 269
501 597
330 391
1073 1300
568 1260
1938 1948
1952 1970
811 894
1198 1228
1264 1393
1044 1237
16 1553
857 1251
269 326
906 1152
1242 1831
541 636
1197 1931
115 204
405 463
366 431
1998 1999
1501 1538
847 1977
1074 1111
579 1005
30 902
438 460
209 1412
554 1035
444 526
629 708
1867 1966
1242 1255
1916 1989
1078 1128
599 658
1304 1348
1112 1959
779 1283
1327 1331
1491 1675
949 972
758 766
1497 1831
1282 1419
1857 1945
1131 1198
1577 1662
219 1376
1191 1306
1383 1461
1100 1608
902 917
1470 1474
591 764
1644 1675
1814 1849
238 769
1565 1616
1356 1946
231 1981
101 189
1213 1926
174 855
526 1009
1460 1938
1199 1262
405 416
193 240
418 586
1975 1983
1077 1547
238 876
618 1095
925 1300
504 862
1328 1705
1584 1673
605 1175
1631 1711
1988 2000
788 931
147 216
1797 1802
938 1596
1527 1729
898 901
1967 2000
1244 1621
362 1628
1378 1492
1292 1586
735 1583
735 737
1865 1885
1153 1612
251 627
1179 1277
1809 1837
70 516
888 1142
1175 1749
535 581
166 768
9 90
328 365
766 816
1096 1429
324 1038
627 660
1789 1884
1600 1616
124 614
1220 1857
1283 1304
890 977
1315 1793
370 925
533 631
214 1281
1896 1926
431 495
261 333
497 1429
1926 1971
82 106
821 1654
1548 1597
321 488
1438 1438
507 580
1785 1830
876 951
1916 1987
1457 1532
1798 1838
1707 1712
1216 1312
413 1525
708 774
1329 1484
796 1988
1205 1205
686 1585
151 419
346 372
1310 1885
552 647
179 797
1884 1889
940 1001
108 176
1577 1600
1053 1081
1856 1964
388 431
1063 1086
998 1048
1623 1660
717 798
1826 1897
1175 1376
1022 1085
614 634
1588 1681
654 1904
1341 1363
1910 1977
1538 1556
182 256
1775 1812
452 478
495 501
232 349
1481 1536
1542 1891
1614 1668
932 1284
162 542
1644 1793
1351 1428
468 557
1898 1936
1225 1237
129 217
1664 1748
1094 1950
178 213
1840 1844
1047 1104
1151 1251
1281 1730
657 702
1743 1770
991 1770
739 1143
1241 1727
1821 1837
139 413
1200 1226
498 572
1222 1313
1120 1724
472 502
1474 1809
1733 1968
1794 1870
1999 1999
496 593
1054 1077
1748 1923
215 543
277 278
1881 1956
1758 1868
555 1861
222 247
656 687
723 1248
1785 1833
302 371
1718 1774
63 81
628 824
1889 1933
408 1900
1555 1931
325 1998
1597 1699
1648 1886
926 970
1375 1414
1627 1939
1878 1947
237 1002
373 1917
603 686
922 966
1981 2000
894 1575
786 1953
554 1023
133 218
1310 1326
39 901
1433 1540
853 858
1241 1681
1553 1971
1118 1745
1698 1729
1089 1553
1680 1773
348 1649
774 814
1980 2000
394 1244
519 1881
345 362
806 813
736 817
1076 1116
1878 1881
1181 1357
1529 1591
1489 1589
425 496
210 418
502 515
1970 1985
1860 1891
1028 1096
1452 1522
1254 1464
959 1195
1015 1112
840 878
1529 1958
360 1057
1969 1974
1842 1883
181 851
112 181
713 1743
1309 1373
972 1990
973 996
355 1950
1584 1728
1563 1631
1010 1701
1431 1683
1943 1955
859 865
425 502
1151 1866
1540 1622
1011 1841
900 1865
1773 1859
1462 1555
691 1949
17 91
869 889
1266 1865
1494 1740
1702 1801
147 171
1217 1806
1853 1885
1715 1899
1305 1381
1048 1107
1014 1122
1483 1952
1513 1602
6 1466
1086 1488
1581 1658
36 67
391 486
1609 1611
14 37
1458 1545
715 1341
1459 1563
469 564
580 656
1809 1979
1089 1982
953 954
663 1487
1142 1222
1926 1983
722 741
1171 1249
356 418
1517 1998
775 829
533 1242
579 1746
1428 1458
347 1904
1106 1788
1449 1628
794 1746
195 393
1375 1459
299 353
1988 1990
1831 1937
980 1774
184 273
740 806
1251 1546
1378 1392
1655 1879
1141 1217
1003 1052
32 633
1304 1373
1288 1647
889 962
1986 2000
80 784
803 877
1366 1383
332 1437
149 230
1620 1795
614 1512
1194 1538
714 791
1057 1831
1813 1847
1378 1389
1828 1917
763 1970
300 390
1894 1937
944 1015
234 927
389 1664
1486 1839
871 1342
1239 1546
1746 1859
716 731
360 390
1400 1968
1293 1347
357 858
1330 1907
84 109
1365 1393
935 976
746 831
1442 1538
1286 1303
160 227
277 1824
1804 1899
648 658
1444 1705
1307 1309
968 1026
1584 1756
434 475
1133 1151
1801 1819
146 148
1237 1327
1442 1488
1549 1593
720 1687
450 520
1570 1827
21 85
1090 1134
1322 1583
85 961
915 1195
372 431
1202 1224
978 1024
1248 1311
1442 1979
591 1151
1118 1574
1393 1454
211 293
1344 1615
2000 2000
1307 1649
54 695
1081 1850
986 1021
1028 1310
556 615
1888 1984
499 514
1343 1791
1721 1919
1882 1915
1937 1986
642 1268
1528 1869
707 720
1403 1712
125 173
1278 1321
1393 1408
1803 1960
1249 1300
1985 1999
98 1628
749 820
116 1949
729 736
731 1084
864 1205
1982 1986
516 521
1981 2000
1378 1689
1554 1797
1302 1325
1779 1841
540 628
989 1156
295 746
1452 1567
538 618
115 1943
1899 1997
1888 1986
144 323
586 1246
154 359
54 139
405 458
1246 1287
683 1474
1802 1986
1117 1986
415 474
112 359
1862 1993
1541 1912
98 104
384 1457
562 1713
1033 1048
1372 1471
1383 1672
1080 1297
70 103
608 645
1115 1488
1782 1974
1845 1969
548 1827
722 773
1057 1088
505 553
322 919
1587 1657
600 1294
271 1044
1225 1240
1493 1500
1787 1815
576 1989
75 146
1515 1589
1224 1230
492 527
389 1029
1787 1999
679 743
1569 1667
1305 1387
330 352
137 1976
1036 1117
984 1080
1128 1185
1149 1738
421 425
1417 1790
1011 1699
275 321
941 1915
569 652
1911 1950
677 747
635 1423
1154 1409
109 122
1737 1799
608 1851
1605 1790
456 472
8 1589
1903 1919
633 1549
1567 1645
507 968
432 1905
1803 1853
148 208
391 945
481 1062
1391 1407
716 738
1224 1308
1404 1521
974 1451
913 1116
1564 1572
205 292
361 633
1417 1787
990 991
507 1742
1313 1572
1643 1726
484 558
1907 1909
1890 1972
1361 1629
1101 1202
935 972
1360 1445
89 1457
1750 1782
273 372
239 709
586 671
943 1069
335 1299
1741 1817
1026 1076
658 749
1521 1521
185 671
1681 1762
958 974
1476 1821
481 533
1343 1675
1896 1985
965 1208
489 525
360 1127
1135 1850
592 599
827 888
116 165
1347 1387
1895 1943
1673 1835
1474 1551
1960 1973
954 1038
143 153
1406 1423
883 1807
1639 1895
1543 1548
1447 1455
412 1434
104 1764
799 1797
225 464
1907 1997
123 163
1850 1874
160 879
985 1317
330 386
408 1224
1570 1604
1814 1820
1589 1739
282 1896
1465 1662
671 698
785 871
886 925
207 304
502 575
75 149
1928 1983
1424 1437
92 328
1939 1972
1691 1712
1957 1969
972 1005
653 749
1288 1919
889 928
117 1105
1523 1526
537 589
1193 1973
351 994
394 1764
679 679
755 1554
949 1801
1268 1321
1531 1552
1254 1333
978 1261
341 381
1551 1552
1876 1991
1882 1917
93 147
931 1402
1072 1628
253 1754
859 868
1539 1547
522 546
1219 1610
632 689
1523 1567
1653 1697
570 1876
1936 1986
671 1066
1291 1315
1590 1751
823 830
1175 1199
1999 1999
1658 1912
1658 1707
401 406
1346 1380
1077 1149
482 503
2000 2000
1721 1868
1719 1812
241 317
325 347
1342 1465
468 529
1178 1185
810 1933
1343 1999
1960 1989
1861 1982
6 91
492 1964
131 1300
1215 1416
370 413
244 257
700 783
343 407
1742 1878
1012 1034
445 513
641 1940
806 998
206 1423
1629 1648
750 831
1964 1994
385 1535
62 1755
638 714
285 324
829 840
1747 1833
1249 1300
1187 1765
28 1169
1273 1327
802 804
1553 1993
1355 1606
663 1186
349 1495
1529 1601
1321 2000
8 853
804 1448
1595 1611
147 337
501 1297
341 384
1068 1812
939 1299
1707 1724
1492 1540
795 838
447 769
1126 1771
193 214
1869 1958
1553 1609
1649 1858
1234 1972
1252 1666
1074 1108
31 82
1269 1854
801 1260
1506 1904
849 1540
180 911
1100 1130
897 1289
1158 1868
679 1477
1131 1916
99 110
1282 1331
657 679
1942 1996
1841 1860
1251 1600
21 24
1137 1725
829 1885
1260 1370
1961 1968
676 693
1221 1674
764 1621
1442 1476
613 697
1227 1284
1990 1993
1027 1082
621 1500
1029 1089
1933 1971
1309 1309
1006 1393
402 1563
1370 1418
725 1641
235 289
845 883
568 1296
1778 1813
1640 1740
1981 1984
1135 1147
1186 1271
136 326
905 1591
1443 1515
1361 1595
1172 1523
749 1793
649 783
480 660
1851 1896
1360 1918
234 250
1000 1049
1642 1739
232 1575
139 1023
1682 1714
383 785
1920 1923
1740 1779
123 843
1460 1520
270 625
305 349
820 868
1151 1195
654 1909
707 713
1948 1988
1859 1936
583 1193
142 215
238 1660
825 1315
1825 1852
961 1076
796 1304
1953 2000
386 1514
1085 1765
1220 1626
819 879
1257 1512
1807 1912
277 1157
387 399
1147 1245
861 1664
1555 1594
1725 1810
1634 1794
94 125
1797 1846
107 336
1773 1905
1976 2000
534 549
1104 1794
809 1707
310 320
1974 2000
1933 1988
1430 1467
498 963
1437 1716
1820 1867
882 1528
180 262
1048 1110
635 1791
651 687
205 926
328 372
1445 1485
1061 1077
451 1555
82 1607
641 727
355 360
1664 1818
260 343
1771 1812
719 857
1057 1654
691 1859
1770 1830
215 727
1995 2000
1799 1856
97 1325
383 406
674 763
1445 1911
579 604
1438 1495
1704 1749
920 971
441 650
1508 1536
1093 1755
1213 1272
24 995
953 1315
1320 1341
345 1615
332 1082
1773 1790
967 1017
670 701
1136 1234
1569 1941
495 940
878 1963
285 394
87 1491
1066 1153
665 733
1167 1175
564 569
1113 1654
1644 1688
1681 1849
941 1908
845 1308
1247 1968
649 671
1294 1367
58 1349
807 811
1224 1397
110 1264
531 1008
1292 1337
1155 1695
1837 1944
554 1601
638 1736
1655 1938
154 299
1254 1773
744 835
308 328
85 91
1269 1352
1107 1738
908 1253
763 1819
1032 1065
479 543
980 1007
1822 1951
871 1837
1730 1741
1973 2000
1534 1917
1543 1632
241 284
1028 1085
224 421
900 1698
42 1764
800 1926
427 428
881 1825
491 1035
1106 1137
1959 1979
211 636
925 1185
1899 1912
1855 1898
896 1498
1484 1854
692 971
576 660
1959 2000
608 670
1828 1835
932 1370
190 210
1349 1525
96 571
1931 1977
1334 1348
512 1646
1965 1978
583 1625
639 736
923 976
1248 1314
601 1336
981 1246
467 1981
309 936
1349 1434
134 178
537 595
498 560
1794 1841
418 1167
423 1835
1789 1872
594 653
827 920
665 1255
1615 1659
181 267
297 668
27 69
212 759
1067 1466
1030 1181
684 1044
370 636
1204 1902
165 227
375 416
1775 1844
1912 1966
235 1816
1762 1764
799 895
1905 1989
1972 2000
517 1250
1967 2000
1773 1854
6 67
117 118
1167 1807
1424 1461
1844 1934
1934 1944
337 382
745 1507
402 1749
976 1002
1235 1319
1304 1571
1147 1245
770 853
1293 1295
252 940
1619 1760
612 672
922 1978
13 92
340 412
1259 1819
