2000 2000
0 889517 795080 471555 410719 930481 151129 857772 762405 0 302548 283273 107740 710974 925426 816426 159658 750918 0 173864 1015620 92062 128840 210522 66162 540665 876873 0 988069 456998 1033628 84345 41611 681312 478052 814553 0 971061 572292 679405 472544 280517 980127 958057 106521 0 760412 610060 480799 250580 663910 345310 664228 636014 0 838053 771863 583183 833420 121787 85489 253046 167434 0 316361 795762 128959 624330 739890 817194 468725 383751 0 571068 818332 167212 365736 5525 430904 906003 874425 0 770819 605098 1013185 466380 3091 252592 965750 766632 0 471595 954532 425770 512979 436330 717953 416371 31747 0 474582 514357 116510 340387 332720 1007752 783665 434148 0 891122 943085 919821 119989 506665 919169 524149 444518 0 415262 52611 501743 303297 693480 637297 387449 661450 0 402289 512964 785801 557030 665635 885385 562847 811451 0 856927 403047 662262 165803 1046942 874282 903304 20299 0 157912 416271 401843 278446 567378 23783 203687 249635 0 234914 48771 999089 798034 468362 879970 121088 132056 0 243277 977951 249281 380375 593256 674627 427142 772051 0 150914 961327 241132 538082 332983 15680 185742 183978 0 5027 290063 798294 1006746 377001 288922 993500 825715 0 43792 852097 108516 3855 827633 79385 323939 322158 0 893130 843077 324474 740511 701190 575141 565796 963355 0 864550 888739 617505 619077 532923 997813 917959 321728 0 397569 845985 636677 315623 118541 136492 272752 120279 0 250780 907822 883521 689675 623524 380342 564532 507785 0 1005093 293075 633505 661131 597091 223012 54099 917200 0 235374 351478 81307 50237 1042229 861001 720332 587839 0 846724 81481 291476 820629 311229 90307 184886 239924 0 935128 389621 569373 993122 386727 720834 210647 13561 0 679288 114393 311529 504118 744186 615065 508311 667354 0 636064 495147 690741 57948 289977 793728 180390 674796 0 943796 886784 741479 595715 515122 221112 13173 839643 0 429120 79170 777147 645493 959999 569608 749212 337552 0 754051 204240 174749 780025 71487 287713 309478 1041556 0 985450 885669 1031327 149918 964542 369864 369998 841808 0 901357 774810 167513 197281 673648 812509 729820 106563 0 811353 803575 133540 382528 644169 191533 601732 78697 0 110003 76931 568697 733527 89589 413703 620219 836361 0 656519 939128 92334 674471 472157 816655 496186 472967 0 59215 673273 133064 625267 1007166 392187 383684 272382 0 178181 788385 227301 242802 527941 373170 395549 576199 0 870115 923163 918555 1002109 1022982 1044314 811163 893820 0 733995 986969 254388 83877 138058 697038 382959 290310 0 988493 336412 573059 533762 108115 785323 486820 512554 0 916706 494702 363697 373057 126059 478602 408707 575368 0 412293 340597 17738 1046628 399246 706343 771440 1020971 0 945292 944810 515870 335695 359131 304546 1002828 923225 0 703088 759318 791980 478469 592438 128668 308225 809477 0 743203 632446 66377 171767 462123 788606 197631 970843 0 511414 317469 240605 581293 111375 207562 658413 322537 0 392240 851272 301652 383093 717389 887798 765556 851571 0 584628 692751 613706 563134 750985 500804 307222 445172 0 976813 353312 1000726 12980 905694 869327 361871 672871 0 664379 725973 604 550591 834130 333499 837848 902707 0 107542 220771 76083 631533 609156 291725 950861 811387 0 565506 18905 523016 348507 961350 754167 967887 511346 0 31910 672462 634552 458919 74359 848457 668467 532468 0 480344 629805 88162 859749 769411 40800 886995 188023 0 187578 1029890 827814 846204 939520 653782 196042 871311 0 423891 842312 697503 148090 465965 347918 631542 328652 0 994593 333265 300197 48321 368261 124602 208535 586558 0 988490 41935 452334 554140 64954 360981 34362 159014 0 734567 25339 33576 50417 152031 312438 136027 308905 0 897923 268922 926062 869483 789442 318882 158546 583106 0 655538 1041572 128775 774376 1037328 745429 321241 766311 0 164762 767522 373092 181172 886635 697810 918011 428309 0 204961 80900 574397 322774 865434 958380 131325 706015 0 936603 342920 747241 814287 165292 921591 944278 59732 0 551374 939985 1020562 908733 913208 202011 551230 1010073 0 862684 509263 154516 55239 997870 1019148 920318 629517 0 802576 646923 1025230 927578 411211 771531 724602 240470 0 81034 63467 622021 591863 244275 297033 474349 463047 0 85656 969134 176377 356449 850746 54828 163704 773220 0 866949 908709 387618 978802 753628 735286 612336 66205 0 1040200 938032 972160 873628 469499 561323 24779 327590 0 690723 404431 868561 723691 831211 164387 416236 176966 0 243592 418851 473150 581047 747311 1008098 440355 295738 0 201229 527318 133890 1884 852152 696921 509649 1007998 0 878970 821332 726369 810102 395661 890170 684253 238668 0 855380 689101 107917 997599 801909 318977 502890 583028 0 163888 422169 43206 869423 783004 652303 720976 1010502 0 643992 119930 673325 978776 541686 737922 913450 931263 0 1017737 1029222 640791 531192 695343 39980 257841 539920 0 18043 538707 790139 442218 623497 207527 999468 239282 0 440910 38458 484740 122472 1005156 696785 893855 649729 0 852505 240367 1028953 557298 64732 141306 814528 275394 0 116094 387115 874609 166895 971297 514676 774247 587564 0 1018545 597762 525649 492852 297819 551096 251306 220110 0 54469 781928 965308 690835 334183 225190 188198 871706 0 875633 302082 866889 319812 539817 914791 375593 874779 0 912490 230869 496732 65083 540471 63924 3983 751408 0 722735 441760 401902 635884 188719 749522 859609 1036665 0 93806 564397 879484 781981 863568 841604 856380 517607 0 592703 713630 595703 397752 181936 433486 549602 205449 0 530406 420198 398183 190506 524841 940942 876038 31859 0 760834 795505 261175 236082 848843 496057 816584 920859 0 173503 310840 391387 947394 442842 552302 412257 95861 0 838758 462295 728717 938316 434737 43904 217243 293125 0 414330 279993 526785 730367 871828 530467 323507 105948 0 1017733 36381 851325 669862 774938 807676 454268 432223 0 933276 599967 182752 243858 236617 737422 128418 321919 0 275936 65914 927974 721528 78951 700381 796003 356935 0 100223 606281 795310 792882 4674 887432 961024 265200 0 794103 568602 951536 861341 42356 923946 996496 954787 0 732585 296995 862062 13022 582113 687714 632179 1029380 0 377057 129648 423379 786393 772329 375745 355650 565131 0 3639 350499 336366 303763 841010 826156 93765 488852 0 120379 956410 523397 337182 559694 21067 983539 643519 0 317356 680962 45584 471625 929629 411595 656222 812922 0 103338 563868 147469 88371 992333 5755 559471 402600 0 126539 421360 1036680 870642 242579 277107 755787 547966 0 282523 1005977 817729 5767 963263 332031 521265 547603 0 387362 260072 211929 859607 581337 201849 326017 247292 0 362169 837898 593538 516009 485624 284865 172335 757131 0 653656 275188 761900 717936 311741 845170 54989 323401 0 523014 113818 1042728 941953 781069 607879 289652 317164 0 451979 928652 622461 988770 901294 688787 95726 613512 0 534336 176062 26641 312229 53279 487139 593046 65094 0 294005 691790 333325 780409 526002 102917 485467 708430 0 879816 206325 147349 448014 336800 479630 180385 164850 0 100267 385534 695702 832632 970358 991127 947851 1039464 0 37825 387766 912505 795932 247569 283429 904571 243588 0 813106 270532 332674 58974 54823 634932 672718 209009 0 797730 671783 9156 598338 704115 400873 229750 844735 0 697588 424163 302791 389677 266867 786334 464990 648776 0 508884 974481 839828 911508 262678 850997 154538 244940 0 29338 332602 1004698 305785 90609 369636 145778 622641 0 262177 885507 983418 189918 1042747 855411 942329 84027 0 292049 717578 120424 120493 440838 350247 143667 116419 0 275114 728243 370222 898963 841716 290627 806205 871399 0 143361 70612 955738 698826 121040 790299 955007 301391 0 374820 748960 593832 480242 51527 511240 190037 45070 0 329049 440480 988115 450810 908565 736905 98529 33662 0 217833 33726 368446 1047096 703299 23909 249436 346240 0 303073 869995 1006976 107240 268731 113941 599761 965192 0 150806 1024692 691044 1018882 998608 1029831 1017950 558618 0 583336 15180 984268 710903 819652 168183 857691 91906 0 199195 449689 813413 23245 938061 650143 201814 645086 0 569208 5654 907500 947857 53563 734541 798470 861779 0 596761 134012 603084 949477 575621 527146 34123 593023 0 126490 270637 507624 261824 798490 879679 139214 510327 0 326521 255296 33374 934042 220315 236605 440842 154698 0 32424 196598 791284 776361 747597 210330 505928 17180 0 413925 843391 643813 469620 1046171 448232 406911 115289 0 907185 955414 913798 382876 600390 63247 620322 494751 0 494218 684063 920862 811681 1041882 826784 420933 773517 0 620719 58560 716054 500075 713474 322384 594097 833770 0 513738 221061 623901 472198 608119 182946 964081 596517 0 911296 250476 860907 687896 1036200 572438 333817 396163 0 831330 515127 105482 373041 1004979 703952 153354 249043 0 358100 43363 976875 154457 500975 841421 60195 829304 0 85379 852992 724547 1010990 572172 584062 224240 874872 0 866849 701612 803609 602237 979699 502348 300181 138713 0 474423 871305 452370 725193 896159 183968 288534 82563 0 754993 233538 15639 751158 890352 477647 682797 956578 0 204090 565940 270575 976673 243230 537078 595519 827857 0 926695 297719 610811 751629 197014 25066 854714 371889 0 901948 38940 650974 486066 620224 204759 875594 907002 0 451870 379281 9863 240107 361543 881507 492245 276610 0 113047 30203 1041437 604250 618928 542293 475577 738184 0 1037418 803263 563773 332187 599937 869875 339415 923930 0 370667 324277 832056 348557 839223 980351 268630 574429 0 276096 238425 502357 430759 76007 404111 380376 507612 0 54774 755038 619603 216481 501181 362806 976198 905527 0 635560 511486 586208 973591 201434 1038278 770215 632194 0 801298 739547 454615 908161 65470 146135 388953 583061 0 829735 638350 354168 971495 1014238 356402 848814 907058 0 800900 268451 1042202 137298 20222 778471 546105 3558 0 644130 207815 1001475 140789 151561 43308 267012 853132 0 49096 1030921 161547 613728 352082 809044 563104 143392 0 894425 893887 852623 544260 640084 182712 826538 853030 0 593399 978787 734430 431448 262523 1034711 972159 629920 0 755295 662997 1027825 445476 264568 352464 74969 36621 0 546749 528367 517093 431610 1011565 1027939 379460 713664 0 2029 591034 631287 677633 436904 749071 268439 967175 0 792275 487258 624269 68959 845664 525869 164747 337062 0 810586 127424 628720 27253 832616 913614 330964 975337 0 563424 535861 675029 1022398 310224 172843 859813 903984 0 815898 203669 235187 722161 578241 943371 579072 1026424 0 526822 412347 203369 66948 280952 718925 10687 973365 0 765557 457032 138484 126669 39511 728077 842588 775372 0 761828 90656 529936 752584 680787 1000836 445344 736562 0 773100 310862 714887 1037135 40435 1006951 978512 322384 0 196962 651981 198625 275134 544460 328435 116727 556353 0 766337 489601 602832 247792 784085 933149 181751 766310 0 142042 103691 989260 457815 1006203 729033 76959 257022 0 164656 333466 426680 1025905 165372 851723 320456 687827 0 633855 958280 906509 376260 13153 579781 414360 882912 0 13611 263836 133652 305497 501317 226319 1014801 919 0 47057 771460 119744 82537 977238 592689 1046240 598015 0 287789 68317 984544 844227 22807 39595 81335 1033713 0 534864 605068 1032383 722942 314345 733639 315452 15973 0 764219 314286 720065 1043732 82116 208090 49996 627294 0 769155 944056 987295 33343 795705 646251 394977 833263 0 705280 786675 949297 584947 669809 393422 1021547 1012308 0 1043962 136250 500537 35984 463854 251942 603588 597881 0 350026 407138 35237 461159 1005783 517442 732473 6363 0 759416 734412 668607 274425 237206 220043 98906 991391 0 1008005 793740 112611 594918 194442 345527 920138 514891 0 636176 1018887 327993 496686 462688 115133 563677 358751 0 656052 350765 189406 589931 882577 423219 629307 172863 0 734440 82714 95882 965719 124749 677174 529111 940418 0 888922 60775 58841 282369 660124 153797 851966 763048 0 37721 866876 324173 481518 23195 579112 731674 515806 0 27173 933418 580684 89948 158516 927927 395351 926129 0 655863 720329 647058 190510 54480 890383 853522 1020781 0 458813 1645 1027794 216878 770291 971269 251847 418403 0 665878 285081 270230 434897 713597 909233 753334 5721 0 320676 411069 476627 239940 400182 887028 818213 194936 0 626943 537111 247226 1021224 140208 352879 1000646 149315 0 882686 485537 123251 185514 65779 206638 302225 167973 0 419443 494084 162859 195388 410239 256273 811758 220586 0 865390 378773 175541 695942 802404 294566 189318 1025891 0 490976 499736 312391 788359 577368 63248 118475 820559 0 853203 1018175 46392 852989 128648 708519 302899 113907 0 192187 526027 197293 891419 394732 778813 489360 943279 0 1047333 966119 1020548 474368 468908 218879 624570 704065 0 52020 563719 479331 960711 193458 821013 952899 858807 0 425969 147432 893722 201499 898238 815961 956106 649694 0 771087 231489 103557 374742 465479 80037 825786 35617 0 901963 174783 774661 594464 840911 576647 473674 462089 0 453610
1 2000
1 1
2000 2000
990 1010
690 1484
150 740
525 1308
1381 1922
559 889
928 1011
1717 1782
1629 1667
1017 1180
464 471
850 900
488 541
1310 1381
214 1965
367 1090
950 1260
1047 1800
1156 1322
1866 1892
337 371
1268 1345
1119 1155
624 681
26 43
1744 1777
399 438
1121 1884
243 338
1771 1993
20 1442
786 801
321 1116
685 983
1620 1633
1961 1996
8 63
1104 1163
333 1839
1826 1889
1100 1914
1421 1854
1013 1520
1318 1922
1512 1646
1875 1935
478 1364
1367 1384
994 1996
750 1721
717 1784
1287 1305
1890 1982
1486 1577
956 977
1234 1614
1749 1803
429 474
14 1640
109 163
194 1469
846 918
29 1875
663 695
1269 1287
265 292
1699 1808
1291 1350
642 1280
234 1865
1706 1802
1012 1845
1070 1090
419 1960
505 903
80 1305
1195 1251
1999 2000
1001 1469
1145 1918
1183 1528
1526 1605
200 206
1484 1871
269 285
1658 1993
1654 1688
1873 1898
1809 1877
1646 1764
1039 1228
1540 1735
1910 1988
130 158
1093 1116
898 1012
1680 1924
21 258
1332 1384
943 978
378 528
729 771
339 346
1013 1967
1041 1483
1496 1537
69 1918
485 493
1036 1739
1313 1448
1855 1996
1093 1175
1672 1704
789 1720
1258 1711
1575 1654
105 1063
1544 1608
1597 1601
1131 1205
393 436
180 455
1150 1155
95 1437
1594 1965
1997 1998
1647 1747
1752 1753
1483 1543
1587 1735
329 1417
1961 1997
1316 1416
1445 1776
354 875
1562 1652
683 768
1936 2000
1905 1964
1472 1756
1812 1981
1577 1615
1643 1659
736 893
1642 1673
1561 1566
228 239
940 1658
1699 1777
1828 1905
392 477
1089 1090
600 688
188 250
1680 1777
43 1315
926 1522
1461 1528
1233 1589
1362 1452
263 694
1257 1312
131 1177
1456 1578
777 1115
894 1766
1497 1552
35 95
1330 1380
967 990
1378 1815
980 1015
1721 1937
912 1324
36 133
675 715
994 1070
1725 1746
629 1558
1158 1688
1243 1276
531 621
209 240
1736 1776
178 1239
1940 1988
12 706
2000 2000
904 1797
1225 1290
542 1577
1191 1222
1362 1954
955 1055
1026 1066
1798 1817
1925 1975
17 747
1047 1098
682 703
1397 1411
124 185
575 645
646 743
103 193
85 1014
163 601
978 1022
875 1303
1905 1947
705 1616
1567 1617
1131 1346
187 197
620 626
466 834
819 1668
482 1544
1558 1597
348 439
1738 1896
1203 1437
1651 1754
710 753
1862 1933
1826 1931
503 1327
355 448
517 872
24 523
1075 1244
719 766
45 145
1522 1838
1489 1564
580 614
453 1425
158 188
172 266
342 397
993 1430
1997 1999
909 956
350 435
1849 1899
822 1237
804 1517
854 883
365 739
1739 1812
692 1024
585 680
1715 1794
389 448
365 371
807 1110
215 1632
1473 1897
436 998
1443 1469
1528 1914
1365 1774
1786 1788
1309 1355
279 281
409 1673
990 1082
674 1159
1050 1431
1515 1541
1443 1520
913 1037
1108 1189
487 1511
1704 1747
1284 1744
582 590
1280 1351
1473 1567
1055 1057
1911 1972
1409 1565
1422 1473
344 437
1254 1290
1170 1213
1913 1961
1482 1505
229 255
1540 1546
1767 1793
1738 1996
884 980
272 1294
1690 1722
221 1925
597 605
1168 1265
612 1967
1486 1641
1611 1631
580 1226
567 604
1275 1361
1903 1977
1414 1437
105 245
1324 1419
760 1370
1632 1708
1778 1856
763 836
1045 1830
1879 1970
1807 1878
183 1829
1308 1364
1594 1639
1838 1900
433 824
1311 1328
1572 1965
1049 1774
255 1575
1500 1629
23 80
1808 1896
1560 1636
1203 1771
166 699
1627 1780
514 1691
1276 1287
830 1951
1581 1812
769 1850
1068 1521
779 1365
896 1109
660 694
1481 1572
11 1137
1185 1984
1508 1543
644 1635
370 1603
771 1930
1655 1816
585 613
45 1605
1953 1963
1506 1740
21 108
642 703
1800 1871
622 1755
568 579
1791 1881
1433 1486
704 709
1379 1383
189 275
1245 1310
349 1705
928 1561
1466 1876
1644 1910
1324 1366
667 685
20 21
388 431
1634 1730
1630 1773
1146 1590
1453 1873
737 806
1838 1921
597 662
1920 1939
491 520
1237 1986
374 1015
1134 1214
243 335
1747 1958
261 325
1322 1833
804 1874
1780 1846
1124 1138
994 1037
1681 1719
1384 1448
1836 1909
1090 1272
1096 1184
1280 1403
966 1171
1669 1784
1118 1497
1609 1915
1156 1522
804 901
1292 1303
1274 1392
1889 1911
1558 1622
143 1790
1593 1601
1990 1994
1213 1244
811 1657
301 312
205 296
487 556
1183 1237
53 736
1370 1388
1723 1896
1535 1582
1247 1307
9 63
874 977
1643 1673
1070 1164
1955 1997
915 1202
676 729
34 1920
1126 1150
1756 1828
530 1108
1955 2000
1598 1618
313 1928
1938 1972
1009 1037
1416 1826
928 954
211 1905
889 970
1284 1310
1720 1990
409 811
1735 1953
198 1821
1297 1337
68 123
1045 1466
961 985
80 149
1192 1286
1676 1985
534 1577
1461 1541
735 1477
825 2000
458 515
60 1098
118 207
1678 1867
1503 1599
1486 1913
1417 1558
248 1286
1185 1186
1458 1578
1521 1818
1412 1511
873 882
220 240
861 1531
1446 1672
1689 1980
608 1532
734 771
1206 1246
1118 1167
246 300
1676 1948
616 704
561 638
777 801
46 71
528 537
154 271
977 1157
1165 1202
2000 2000
589 624
890 990
714 933
415 474
1204 1630
295 374
260 297
1227 1279
1916 1923
73 1630
934 1004
1397 1927
1020 1041
1942 1985
313 334
302 329
1666 1926
415 485
452 583
52 104
2 101
287 373
95 167
1508 1557
16 75
1252 1338
1953 1980
707 1501
1730 1866
1853 1919
220 307
120 122
995 1736
334 336
673 784
920 1010
1593 1673
581 605
394 1501
1660 1942
1194 1235
323 551
67 164
244 250
1008 1845
1853 1894
1458 1475
971 1321
1347 1459
1878 1889
1974 2000
350 1418
470 506
1696 1792
610 656
1976 1989
331 389
280 795
1819 1863
402 1497
1470 1537
1026 1068
1577 1724
933 1309
1469 1901
289 388
1511 1549
927 1256
1300 1332
607 634
1692 1799
1792 1813
1470 1563
1312 1550
905 1588
1425 1687
1929 1929
1895 1921
99 1790
1969 1992
281 285
1278 1310
1991 1996
1617 1685
127 1007
703 911
1810 1848
981 1016
364 907
386 1520
1958 1992
344 1840
215 306
1742 1753
1939 1977
764 1292
1962 1971
1424 1521
1078 1337
679 1988
913 1440
425 1906
1305 1619
1691 1805
1598 1626
712 1702
1885 1924
1102 1289
644 1675
760 1012
323 374
770 1179
302 540
1429 1507
314 420
1283 1985
1184 1248
236 960
710 767
1774 1875
687 688
1589 1811
1800 1919
257 330
1934 1989
101 140
1094 1174
987 1069
552 1519
1075 1309
404 477
501 534
1298 1838
1293 1349
389 936
329 652
951 1729
1322 1348
1912 1919
734 751
773 926
1755 1779
367 400
1226 1282
1407 1969
711 833
1964 2000
321 345
723 803
1835 1920
98 1150
1303 1878
600 779
888 948
1019 1035
1641 1784
1581 1866
1805 1864
1116 1147
115 547
421 429
805 896
1367 1751
1178 1184
1033 1074
770 1135
25 1920
1217 1639
1831 1920
987 1003
130 192
1913 1994
181 1720
508 1188
158 1729
199 297
1211 1577
882 1240
814 887
1587 1727
1998 1998
847 918
88 1493
813 837
1230 1271
1269 1891
225 253
1834 1842
1455 1483
607 1705
1290 1300
991 1364
113 189
1249 1253
1042 1123
1060 1267
1565 1635
1954 1956
801 847
239 1745
975 1055
1825 1986
1970 2000
380 428
853 873
1653 1840
453 470
633 701
137 167
1748 1805
1283 1383
324 1881
522 612
1478 1510
1359 1446
192 243
1389 1454
564 657
1177 1218
1717 1785
337 411
189 1049
573 591
1144 1172
386 398
198 214
1746 1817
1649 1862
514 851
1574 1649
844 936
1678 1896
132 1862
305 372
698 840
1915 1996
1885 1923
528 1805
1180 1905
32 1023
481 786
1194 1705
1919 1967
632 1658
414 474
474 542
889 976
207 226
1635 1734
1691 1761
317 327
1210 1252
1004 1396
667 966
1610 1623
399 490
1450 1536
358 1790
1373 1936
1390 1566
453 759
1783 1881
880 1543
1723 1773
651 999
815 1487
584 670
1719 1792
1225 1229
1554 1837
852 946
918 960
1985 2000
766 787
588 653
1741 1909
642 760
1983 1988
613 626
911 1789
1497 1933
1522 1601
1511 1529
1440 1457
1211 1257
1799 1873
722 765
1636 1729
110 968
772 1091
320 378
1314 1388
104 1605
468 556
1233 1282
656 751
1392 1625
1294 1445
1770 1957
1973 1993
1727 1761
799 816
337 546
664 708
1421 1456
1914 1951
1570 1653
1041 1195
333 1179
1738 1772
1396 1732
161 1153
1417 1502
242 322
228 308
992 1352
115 1839
1646 1669
1179 1520
1351 1356
752 796
507 1098
78 82
1727 1742
482 1048
937 1597
1045 1557
1058 1760
1954 1992
663 1516
1149 1251
1946 2000
1356 1372
1166 1235
1594 1626
636 1266
361 525
1996 2000
28 1518
1453 1503
300 1980
595 1592
476 1602
1781 1889
1756 1796
1610 1783
1384 1604
1010 1848
402 467
1211 1297
69 106
1095 1115
691 718
1344 1422
1838 1858
372 1541
1490 1559
1279 1366
527 1515
293 313
628 667
1514 1559
1782 1784
806 931
1278 1899
636 1981
100 875
683 741
134 155
597 1887
690 1380
1282 1343
1104 1618
293 387
1697 1761
1506 1757
1196 1254
1165 1235
452 544
960 1485
1373 1425
45 48
155 1284
1494 1495
1069 1122
1619 1668
533 598
1746 1756
1768 1853
1383 1419
376 471
1108 1559
1694 1785
1562 1955
7 929
1018 1019
503 844
1954 1958
204 221
1981 1986
1375 1845
1666 1695
1949 1980
1944 1970
958 1344
578 1773
821 1333
757 845
191 206
1617 1715
1507 1825
1729 1747
1365 1366
1571 1855
1384 1999
1235 1743
556 609
412 441
1423 1610
1721 1919
995 1797
1037 1072
1413 1445
1342 1449
737 1193
545 557
1515 1551
1788 2000
1000 1294
539 582
731 800
1147 1212
592 664
390 396
75 1844
536 560
918 961
1626 1642
440 1115
1224 1281
383 467
510 951
126 1089
1158 1241
1071 1090
1565 1655
933 1637
1002 1081
614 712
1282 1297
185 198
366 1473
806 837
1205 1256
1603 1646
470 494
1832 1928
293 298
1842 1983
1598 1642
1288 1630
786 830
1084 1119
1151 1771
1563 1640
1750 1833
492 876
216 250
1338 1835
859 928
644 658
1248 1254
1737 1969
704 708
1516 1671
657 1960
982 1050
414 1331
387 1940
98 153
615 694
1970 1971
475 574
1424 1489
426 1327
1720 1845
471 538
7 94
1004 1262
1523 1564
969 1051
868 955
403 679
1949 1977
550 843
292 304
778 1839
468 493
1158 1198
785 806
570 1758
1299 1340
33 75
233 769
1309 1504
172 802
1937 1992
1774 1945
1754 1825
1975 2000
58 129
857 915
149 176
1093 1688
191 1316
556 1676
286 363
1532 1604
1762 1801
1651 1664
736 743
995 1662
1656 1747
917 1017
767 779
63 70
983 1046
1431 1512
595 1234
1515 1660
72 1795
1120 1546
1623 1709
360 1367
568 867
798 1254
158 208
1993 1994
102 1508
1869 1925
1979 2000
1297 1857
1969 2000
1625 1888
1848 1940
354 497
1513 1714
1285 1568
1647 1748
1501 1574
261 275
1528 1922
1033 1803
1038 1122
1796 1881
985 995
924 953
445 453
1509 1544
338 426
421 1846
764 1539
451 686
310 321
1131 1625
1935 1986
1196 1254
1666 1901
968 1054
1296 1488
1726 1744
76 1749
374 403
1290 1306
396 424
530 1051
144 221
1612 1926
1719 1907
236 261
841 932
1023 1086
1609 1663
756 767
1294 1817
785 1093
53 62
1033 1153
1319 1809
931 1025
1441 1482
392 471
756 756
1266 1291
1163 1167
1680 1894
548 1036
1973 1996
585 840
1333 1365
805 1362
1457 1624
1660 1900
444 603
1015 1104
1941 1943
395 421
792 1933
508 577
735 812
1416 1516
630 641
1447 1881
1799 1833
475 1571
1655 1679
247 772
739 762
1738 1750
200 252
299 368
712 1709
471 1647
1229 1288
1986 1996
1303 1344
1641 1702
1763 1793
1637 1668
1702 1712
800 1305
1242 1326
413 890
378 910
417 446
357 439
1994 1996
1975 2000
968 1613
1639 1649
156 238
538 548
804 836
218 259
1827 1989
459 548
333 751
1819 1906
1682 1763
182 1954
848 1437
1912 1964
445 488
1217 1259
848 870
771 1774
1151 1226
1958 1985
329 429
431 508
55 1724
310 327
1880 1974
16 77
674 1412
1392 1431
465 632
506 544
220 1753
1094 1190
409 1985
1130 1812
1140 1186
578 1377
221 1501
1078 1356
429 1262
323 702
1125 1381
1718 1780
1094 1770
907 986
842 1890
1335 1717
177 1050
1196 1936
974 977
1339 1998
730 828
8 17
1374 1437
1761 1844
1451 1947
1905 1943
812 835
1706 1712
369 403
1764 1781
42 1711
236 606
414 1695
1611 1831
21 700
845 913
1712 1850
1988 2000
1750 1837
870 932
1154 1889
808 1170
852 1641
1466 1553
85 1076
1901 1935
658 1289
1566 1805
178 263
1657 1720
736 1452
1248 1536
233 1215
1457 1543
1471 1543
1719 1766
766 862
754 786
749 809
1907 1908
1531 1731
1553 1905
1222 1239
1231 1780
1185 1463
1731 1872
104 869
1129 1351
280 368
1346 1858
135 174
920 938
5 233
1619 1710
19 1761
663 1413
336 1624
1390 1428
1864 1875
1875 1879
1264 1834
1588 1615
363 1970
540 1902
1766 1858
1084 1121
751 832
322 335
514 528
1833 1996
19 100
112 185
1370 1660
161 230
778 1926
410 1684
504 583
477 935
1632 1747
1003 1635
1251 1551
1180 1232
1734 1981
1679 1851
1327 1358
489 991
702 1271
1701 1742
250 348
382 458
896 1095
213 1456
461 1998
706 1625
330 1481
432 466
618 698
1342 1362
384 412
746 1836
523 1881
477 536
1173 1854
1602 1764
537 572
787 796
207 268
597 623
1994 2000
539 1393
324 1406
994 1891
119 146
569 1992
149 217
258 349
961 990
1429 1868
417 509
411 838
760 1258
244 289
1538 1751
1610 1671
1648 1988
1515 1608
985 1183
1472 1679
704 1651
1621 1838
455 471
525 1559
517 594
824 1275
1777 1871
239 255
849 1970
655 1953
20 51
873 917
1335 1674
201 247
795 1361
1716 1969
1171 1190
697 790
956 1028
485 567
1133 1356
377 420
1974 1994
417 492
987 1039
877 1664
971 1605
1684 1699
1545 1593
465 553
1293 1381
1949 1995
1596 1837
886 1719
1037 1128
424 501
117 166
317 1989
306 1626
1525 1559
1483 1622
1648 1702
1386 1444
842 903
484 554
615 615
1447 1530
1059 1101
1992 2000
1833 1902
408 503
1479 1830
1630 1709
499 672
484 636
903 980
1586 1963
852 1394
450 607
787 796
1335 1726
452 511
1067 1151
160 220
557 566
11 1680
726 761
536 605
1030 1096
1078 1119
1975 1999
671 892
1455 1907
532 1728
479 1956
140 1865
174 349
134 188
1041 1136
789 1932
1315 1398
1301 1589
1830 1913
928 1623
1039 1675
733 809
981 1656
799 856
1182 1795
616 657
292 1924
1618 1712
161 1762
842 942
520 575
280 1456
1650 1952
1781 1825
1148 1386
1151 1517
1401 1461
141 190
1331 1955
1972 2000
1733 1762
1547 1710
520 1127
316 1659
1484 1826
359 1186
1745 1806
974 1072
1211 1242
1060 1065
46 144
1221 1956
1180 1248
561 1054
980 1000
1843 1921
1655 1958
229 344
1979 2000
1971 2000
397 1195
567 592
293 1518
1937 1956
1692 1700
1874 1884
1738 1747
1460 1542
1225 1293
1396 1781
1572 1798
662 707
1023 1271
490 1061
1684 1731
932 937
1509 1606
1577 1995
1352 1402
1041 1600
90 145
525 578
1392 1575
1078 1100
1041 1083
873 908
733 1731
1031 1725
985 1041
714 1953
1407 1986
367 383
1377 1911
86 140
126 623
974 1211
296 1951
22 26
744 1513
589 589
680 1520
972 1066
173 1157
1095 1146
919 1162
1966 1996
205 261
1706 1797
705 772
1195 1263
634 729
1194 1436
1492 1644
911 1320
1336 1431
935 1934
293 384
1117 1146
1233 1328
62 1781
1203 1299
1101 1818
745 754
1500 1598
67 130
312 1525
922 1631
1285 1576
1 67
1010 1312
1161 1408
1642 1893
17 1517
817 1814
440 517
1756 1950
1427 1504
1755 1909
1779 1876
41 104
283 1063
838 913
870 908
1515 1627
1495 1662
548 573
232 256
1617 1651
984 1420
560 608
540 584
1059 1076
617 699
144 1468
1752 1811
1398 1972
1690 1828
1578 1677
130 199
962 1606
1200 1718
763 802
816 852
1526 1841
526 837
520 588
1842 1854
1387 1393
1062 1152
1668 1760
607 705
142 187
880 930
606 658
1916 1956
168 866
965 989
1907 1993
987 995
843 1833
773 975
1419 1454
61 1212
126 1991
1662 1828
167 256
1532 1868
411 1377
901 972
859 904
1587 1784
1848 1923
292 499
246 260
1682 1687
1043 1089
862 1397
1565 1641
861 930
1781 1790
1892 1952
1546 1872
1536 1951
1949 1950
1785 1790
599 1381
1987 2000
1218 1303
770 1000
1079 1081
366 842
1916 1967
1245 1616
1968 1989
1068 1683
1674 1686
573 578
690 1331
3 37
1695 1697
142 226
1799 1993
1946 1973
1613 1713
890 894
1390 1471
1318 1347
99 707
1668 1932
1634 1731
732 1981
1796 1895
455 560
1051 1336
332 418
1628 1853
41 1291
1029 1502
395 1304
312 1893
1989 2000
1187 1587
472 1053
896 1889
31 94
1490 1564
1138 1146
947 968
381 1140
280 281
588 659
802 841
1937 2000
1396 1542
89 418
1152 1834
1346 1908
1068 1108
702 742
228 291
1863 1962
293 435
1587 1866
1577 1673
1059 1963
1468 1568
864 928
145 430
1374 1962
1107 1514
204 224
829 846
648 1521
847 1014
1680 1815
107 1487
1141 1945
1866 1917
1802 1884
917 996
153 1095
1795 1822
8 97
1401 1842
886 967
458 460
1670 1687
421 433
298 335
1002 1047
1447 1535
1748 1876
297 1623
1423 1925
1395 1867
1036 1049
744 783
554 1335
695 762
1285 1669
289 326
40 1744
950 1019
1951 2000
1161 1607
1827 1882
1248 1290
603 655
895 976
1869 2000
511 605
592 1259
489 1633
805 862
192 948
1245 1742
1640 1696
901 1510
40 109
1818 1882
250 1510
605 1842
276 963
1463 1512
1231 1377
833 1418
883 927
1174 1227
1228 1398
1464 1651
1857 1963
1796 1818
493 498
379 910
194 1804
1008 1319
894 1418
1101 1317
1888 1950
708 769
1365 1464
1305 1482
1661 1742
1353 1949
1064 1946
1895 1994
1336 1434
875 1117
1458 1578
1377 1449
1398 1424
1135 1579
995 1582
1949 1985
1561 1595
1335 1834
1297 1341
593 1296
516 609
536 563
1868 1967
1995 1999
1622 1720
784 845
921 1636
1927 1944
1992 1995
487 528
1222 1238
82 1837
658 691
603 647
322 335
473 522
1534 1608
1961 1974
1755 1869
505 519
858 880
514 1860
930 999
1345 1409
1343 1389
1965 2000
1211 1275
595 1633
1203 1245
597 1557
1350 1784
1242 1249
1773 1782
854 946
727 969
235 865
899 984
1469 1748
917 1007
1464 1802
85 1545
1771 1811
997 1521
986 1070
429 459
903 984
1288 1335
1068 1114
1918 1951
300 1419
1196 1815
1216 1285
1376 1683
1469 1933
780 942
1136 1599
229 480
27 1999
1584 1634
563 585
185 277
54 1100
1991 1995
1858 1934
1826 1909
1192 1387
1086 1086
670 703
1027 1304
1609 1673
1909 1963
1458 1472
681 759
1187 1190
230 976
815 874
1719 1744
1084 1560
428 1827
364 451
691 775
312 341
927 989
883 933
1224 1240
788 1738
1386 1614
547 599
183 243
1923 2000
175 220
562 655
448 1322
1513 1799
1540 1925
556 612
43 79
976 1012
1536 1635
483 494
441 1438
725 1038
1204 1745
1133 1525
1713 1729
1072 1147
1840 1950
638 969
53 115
266 1537
165 199
1199 1245
1551 1608
1828 1881
248 1933
1278 1428
138 990
49 1677
1227 1290
1570 1666
636 1055
1898 1922
257 263
69 115
378 447
1296 1372
741 1549
997 1030
573 1670
846 1495
1646 1837
419 485
805 811
1257 1529
1319 1376
1465 1845
1208 1244
1456 1881
831 885
1460 1823
516 614
421 1205
853 883
1646 1730
1108 1367
210 288
826 1770
1741 1925
1362 1366
595 1996
1160 1930
815 1554
1906 1920
1443 1895
818 911
364 463
1023 1139
637 1687
510 850
505 1703
1187 1818
1712 1720
72 110
1623 1674
1819 1995
587 610
1983 1995
1441 1646
565 1296
1404 1459
1787 1805
159 1239
387 421
1203 1256
475 1723
1558 1577
1824 1981
1293 1723
277 327
1840 1872
41 1656
1770 1814
34 573
1670 1692
563 580
1294 1319
117 129
1397 1593
1923 1991
508 614
1778 1864
913 1172
891 925
765 784
1737 1916
959 972
942 1165
1573 1595
1019 1114
708 976
1452 1544
1102 1157
446 1036
1917 1986
201 289
1110 1204
1269 1337
916 974
270 825
124 196
90 177
545 568
594 682
763 804
79 147
1025 1044
991 1700
767 791
281 507
77 167
899 1025
1670 1757
1342 1350
104 1586
922 954
1244 1311
590 684
546 1172
265 325
1656 1713
296 1467
1635 1693
1524 1779
1080 1111
1713 1986
1837 1972
1839 1862
1683 1768
1379 1562
113 169
986 1061
1469 1496
109 162
774 781
1817 1902
826 1542
970 1844
1356 1706
169 170
1879 1880
1470 1560
1698 1924
605 1235
862 1530
34 439
1452 1967
1052 1759
208 1018
532 574
874 942
231 241
1044 1116
1412 1520
969 1106
592 1391
1064 1581
695 937
625 641
1834 1892
824 861
