2000 2000
0 237976 477357 278907 1019321 848225 187899 18200 840014 0 743788 692609 716315 403035 568424 1044618 716419 781055 0 110941 458721 783166 1040899 433816 1040780 270707 812871 0 857942 645712 456560 821815 905787 676491 597344 146818 0 709453 782579 311074 886850 673891 644120 1002125 772823 0 980531 708942 415352 118047 320415 429021 326503 469607 0 998323 502799 127434 891601 824361 235023 827791 649507 0 22475 468776 144397 949193 267589 819860 344605 116374 0 585686 574674 211855 745770 199772 529416 617289 968117 0 170327 867823 167653 621173 21587 632244 659371 169858 0 560071 101726 24835 120783 231005 738622 387424 938564 0 739101 819922 1033821 73890 453330 174431 931486 599882 0 662224 1028732 913840 362860 761310 633459 802323 946034 0 901033 891591 946985 164831 278992 667067 698869 163085 0 77799 1003170 778204 751213 403488 642117 633704 549787 0 624828 333173 744242 720395 821495 862398 965004 409409 0 767248 886240 673844 305882 630783 959310 177676 447846 0 805563 722575 876788 296387 957225 531842 943244 763087 0 407153 865506 458883 407605 331417 582275 749341 267280 0 276430 712087 853996 1009396 621264 855506 205204 192499 0 626896 234228 984383 945790 281605 370131 862343 40888 0 238095 117642 307757 982479 467900 709588 4081 444070 0 699041 604298 293109 32769 121894 523113 455323 91204 0 137603 694762 946841 322680 154199 160909 895404 876862 0 731554 1014251 800211 149957 697635 1036257 523190 1017304 0 810203 789966 943437 168009 384738 4722 455530 215541 0 63636 214231 676763 21200 128149 305771 916606 508484 0 820350 59822 312582 722132 557618 985124 215268 936480 0 685534 503772 918890 575950 216975 520128 789812 700985 0 1000083 330770 810635 1006508 405614 378137 135025 395091 0 929970 501427 408890 553183 184818 676329 898865 659442 0 589492 446100 299376 581207 365251 17799 77027 753934 0 968318 35397 274081 1015511 861933 322713 936913 369262 0 418431 497227 798333 863398 253894 1044076 77363 725402 0 1015146 965182 198404 220886 753494 926731 350737 911577 0 743411 356516 100893 221691 64691 902756 770902 367808 0 565353 512808 42730 927057 832915 1004414 424858 751779 0 152087 602090 661167 701794 114701 610160 1040264 335347 0 327978 317755 901009 265800 582984 187303 598067 674679 0 204922 124306 401836 570571 179983 371392 949814 479684 0 705886 35735 244397 890526 714988 162023 725845 483819 0 1033281 385933 560786 222737 1037113 617443 964557 673482 0 920438 584246 468821 589325 652938 370076 208574 995807 0 857735 897604 863287 157511 89730 97847 651542 498725 0 659035 640734 691253 419892 549065 852860 118319 878808 0 371398 822937 784128 510624 278401 841239 453088 962092 0 579699 82828 436779 20650 997249 474249 860757 3609 0 674508 744838 916495 852785 471829 94177 164474 85912 0 730288 1022585 888479 803490 118999 226209 726929 559988 0 634100 129088 160557 482651 506529 764092 648488 192379 0 665136 1017292 220599 876449 329244 174675 687445 732285 0 863175 329625 180560 814925 708255 837087 27451 91267 0 95407 716603 581543 297975 966186 615030 977958 939163 0 252441 175860 669715 872571 202495 698145 125001 671108 0 434380 971047 646536 459079 542490 397071 342461 104533 0 721120 987312 201968 210456 524785 612187 326359 36241 0 723210 168898 717133 689298 796196 389714 1011568 737422 0 549462 370872 672298 954356 888701 184907 550306 676971 0 383128 230315 189683 775085 691682 917136 656244 424321 0 101601 814917 534698 406927 619911 1032927 369322 79769 0 406898 364453 180835 134343 922471 812983 41699 458730 0 837643 856596 900981 438055 55828 505734 299302 260490 0 1035368 927763 467326 168455 221511 254931 589452 383729 0 21631 358154 742671 844466 419367 905742 963243 462371 0 725405 23392 290470 917179 1041389 293727 312394 946508 0 385711 643331 845163 166794 659197 608651 582508 178443 0 866456 733404 442216 1016439 541816 231842 771048 786468 0 575677 325658 375519 859194 829044 303852 870839 11212 0 655513 928155 451714 576084 643495 93533 751676 562877 0 526996 218894 785857 45206 985251 586709 86228 251204 0 880379 892672 326120 749195 306550 802416 896972 498310 0 1006364 538181 369543 276115 269603 475800 145476 388033 0 138420 140216 636469 578610 339284 133701 973821 751895 0 730914 875539 149745 721217 635892 451693 282615 699014 0 942344 101396 1005655 932710 670384 140636 681327 871460 0 383205 910613 422079 297951 508982 906081 997206 568794 0 172477 444134 498090 198806 993185 306064 265027 291432 0 363155 576639 32125 1037585 770215 362433 71932 67794 0 522652 190380 403422 896300 719204 608093 150009 731067 0 500902 192659 70513 911317 547163 89780 314502 370576 0 315405 46655 1043081 103380 414034 370628 242476 430893 0 475864 782240 647636 1021265 417768 23571 579916 545061 0 524988 1028351 131069 622948 86999 966377 205432 405404 0 770653 801132 855642 588047 239154 3008 973126 109166 0 466800 513034 90355 305740 857164 96100 526893 172156 0 218813 339105 1000279 74248 722648 256937 272262 431540 0 8744 376887 54069 488551 86266 941215 725817 838342 0 123465 838403 590896 854908 39337 957266 152049 734704 0 170119 997664 847921 8512 971602 636629 302351 683048 0 212723 812231 149745 1038346 321658 672462 882077 489925 0 799699 731447 104047 449442 568306 1015811 617389 858626 0 445241 225812 920627 87433 543078 602157 370013 306629 0 118558 1035902 37718 72857 748791 1024438 687051 115969 0 631486 1000692 409073 283313 644879 796915 774503 595342 0 419438 24377 668560 149336 530700 159021 766720 890928 0 557244 811732 642127 983245 105261 377584 869133 305078 0 919804 911607 394657 388184 1014029 629506 361620 128795 0 229724 47599 995065 506264 376244 152582 186804 507043 0 970070 443533 394277 803321 398812 94661 550737 295580 0 418710 375566 860143 692031 751321 13901 98960 544565 0 617426 400875 411354 180944 235295 942327 18990 679587 0 513943 516428 454426 261752 803293 50350 77235 219484 0 934345 181991 759132 280589 10918 623568 644948 914822 0 34132 295687 331013 1015770 69653 2127 592524 916224 0 380578 504347 636444 149405 765059 2879 291852 851577 0 312726 993908 841679 551195 576604 284000 719889 308595 0 299738 312224 876422 1040293 285576 553834 781427 980299 0 581273 494855 659336 791469 809668 819871 636779 281483 0 312431 57495 477502 731554 914471 674232 313333 203512 0 1015591 985978 627769 156704 485550 190596 491977 879651 0 202461 329489 865650 29060 238004 192533 786003 404976 0 535938 91217 669310 46872 842062 381708 1023346 443756 0 3287 243253 446468 263780 471986 882820 198140 993267 0 600182 70092 293854 715858 928162 1000580 523847 684445 0 445924 20146 389568 285681 788943 1028354 585480 126101 0 493445 677726 560079 739626 953144 875979 553661 649059 0 131367 207916 973960 720437 737037 440003 28841 219435 0 382476 735520 673211 292145 801411 277963 532619 897131 0 387622 142043 535483 429278 56070 699561 967892 644170 0 18044 880490 532462 859538 149957 597285 266207 685052 0 485570 159902 731850 752372 163733 857254 467337 399256 0 141146 882088 233476 537355 279371 986986 587396 358937 0 1043439 235796 165786 544887 319029 521498 861003 141367 0 832215 22582 195144 276006 1011486 581095 114576 799625 0 358811 160049 895324 891095 123022 128371 762348 73606 0 630621 140076 1004080 447208 822400 499134 890081 589867 0 184267 826156 716680 840496 798999 461884 1039956 396219 0 400815 838850 525508 481416 456489 414408 621479 606527 0 81192 711520 831767 408268 810196 31087 698559 1025488 0 709791 974779 707126 1043759 544127 945137 177882 795258 0 390661 127527 918702 482052 618685 238880 140566 154966 0 722758 722269 700566 857183 773773 471985 581389 438878 0 140569 56479 324217 343160 892620 742232 895795 406772 0 858008 316175 144178 257707 349975 137601 558943 176176 0 63141 826356 724224 1024426 534529 506539 916247 822099 0 784000 829077 878872 136854 804390 985171 1018680 32683 0 331690 140811 575709 492608 514646 748202 771410 421 0 718526 623536 746200 126085 839454 904041 607676 77197 0 602293 978758 408133 976664 57568 454365 447085 210621 0 1023644 7659 925380 130685 473285 535202 857138 42750 0 767321 20561 794601 760580 22217 605750 3299 58389 0 545599 1044837 864334 904081 593089 289684 220039 947625 0 939795 765980 133985 481315 179350 97895 429484 957972 0 47538 308034 345601 847888 92800 313518 167732 37916 0 76027 719632 728304 363437 105677 7356 666504 685901 0 705357 250409 64031 218495 155608 23184 1010128 1036943 0 175367 583754 1014822 201196 830486 774718 935919 345760 0 210200 599750 1035223 86479 885150 875707 515502 144826 0 149037 546914 238224 13889 48752 559913 978313 395582 0 633477 713577 346250 569231 986452 306298 919500 1002787 0 358573 158624 574477 601726 928486 689802 745515 162741 0 205204 848673 78312 758681 757925 673885 605031 820859 0 24443 711233 16380 709618 295567 1037815 789359 301408 0 800831 626032 204517 218434 723005 341236 848940 837382 0 165912 539819 460161 761994 714231 607847 219039 522554 0 199245 82219 1016901 980746 794794 547827 248969 993613 0 787475 638971 560330 393120 794588 974270 237656 940930 0 721850 850680 112692 662367 420666 373980 598444 286684 0 680903 622605 272700 355390 699864 427655 778512 61997 0 422535 132697 898882 494788 263338 387050 600801 824331 0 611295 528791 485198 185892 489924 350741 802234 880021 0 192762 195825 998666 433143 990579 486750 313960 957888 0 416065 472300 738966 316672 260432 32928 396582 580180 0 316314 653734 620287 331661 544943 515770 199603 323638 0 261440 448285 954399 182526 627409 724141 784508 1021405 0 207563 441613 129539 933758 1039750 204073 332280 771863 0 666934 717262 901140 713362 379471 724563 723109 162133 0 760234 652073 420215 452213 36493 892290 1023711 981877 0 573711 774902 593367 326059 741551 43849 568259 155710 0 820999 1025484 331742 672882 577131 98883 460856 695667 0 723003 265402 503245 351391 422079 391361 780468 209553 0 841959 380647 627266 272993 358285 839238 134946 525301 0 454317 28253 459347 918717 350809 882434 851888 429802 0 789330 592563 198523 490992 642493 704802 771185 378812 0 1029625 16777 655588 167003 511486 645344 907777 196854 0 413780 442876 817716 324551 389256 499310 55821 548508 0 356406 244242 950210 686849 60936 249916 990721 961671 0 118656 788953 849359 627700 1028947 816099 172077 27799 0 799022 128303 649940 591996 223416 1039201 547785 933665 0 1780 808516 228859 205896 840405 825750 362805 401020 0 54059 853941 571716 706628 365534 208682 921482 160180 0 585684 440536 889376 969886 713814 698984 325386 535289 0 785472 930404 76803 340731 739100 912507 636674 907308 0 947521 118243 441934 514162 223587 151265 847838 977536 0 199937 402935 633929 400701 97654 704599 316789 86752 0 389594 265646 115921 176432 348068 85867 718543 750840 0 575039 147196 703632 561498 684586 503516 642147 557077 0 629395 138232 1005160 46075 107409 619591 198453 338298 0 939600 218798 434163 1035489 760786 204566 891892 134987 0 18810 528366 206628 580114 207746 247319 36230 1022725 0 764911 604812 810140 742468 507110 970500 411444 230405 0 774973 376159 675905 162950 992600 67731 297106 55820 0 722256 197 424218 349698 921625 311665 353584 170714 0 33514 159700 963641 399277 464462 499034 6258 1023570 0 385183 140767 871067 539363 792542 345146 296645 74023 0 975602 738322 914891 995712 840507 682391 485879 336082 0 308283 606932 146320 453490 789891 792218 394185 686128 0 614945 417770 915310 33752 735585 41744 71247 690886 0 612319 245425 595075 972208 779528 129272 535324 534651 0 999256 360598 1012228 1038488 477352 1041910 400086 158124 0 324270 915574 60861 657798 746238 335940 637615 618918 0 590479 617853 602767 499010 590677 874556 108122 1024473 0 47899 923382 466885 672052 317384 163648 864663 746306 0 219189 868599 447700 129097 385369 830308 184599 155844 0 504637 69310 444417 419306 788645 669350 748847 394353 0 902832 637459 659905 689245 960757 990125 809281 130850 0 863428 447474 165358 682177 491906 781609 261408 883810 0 829401 237308 467029 889417 155248 675974 217995 211556 0 314485 156502 635857 48399 215127 567111 128916 36433 0 1031488 161576 623862 5768 290724 600055 495642 634830 0 915867 653485 290762 800332 977967 321837 267532 135317 0 618990 427615 720607 11610 444571 478418 263518 468154 0 791041 868938 1029754 154178 367918 603829 152269 996975 0 278741 87062 680373 1015894 644477 819180 1010116 6422 0 626116 598756 55795 197608 699168 78119 634566 1042328 0 732680 197717 231050 727707 183032 818150 283588 236453 0 390851 1005390 912245 731933 487174 60437 467635 36882 0 914 620932 116160 179473 620172 565538 424057 482714 0 668100 722212 573714 217356 109664 959731 880613 111722 0 806802 203461 1966 728973 167588 62040 69709 240571 0 648653 938130 744063 287624 762537 809076 917538 317120 0 628096 9034 835779 846890 538750 952463 1009060 400442 0 112563
1 2000
1 1
2000 2000
990 1010
1076 1118
714 758
287 320
1279 1957
1444 1514
1248 1268
1678 1739
6 1830
1095 1096
1751 1887
1182 1204
913 1360
1774 1864
104 109
1104 1926
1940 1947
1619 1749
1046 1890
185 211
1932 1944
1694 1834
216 1838
814 1677
66 1297
544 1341
1063 1657
853 916
1686 1713
769 840
655 966
1878 1963
1091 1112
995 1092
1516 1561
1569 1579
1915 1985
98 395
822 1328
345 1650
1920 1988
513 1083
299 398
1977 2000
265 1079
372 399
1476 1722
122 214
948 1535
859 948
1576 1644
368 1888
1051 1251
1896 1964
1070 1100
73 1831
66 141
643 1489
1730 1944
1433 1492
878 1425
132 203
1782 1797
1512 1658
1229 1242
841 1149
532 1095
1670 1730
1711 1774
129 216
1361 1956
157 255
1612 1843
1293 1335
1916 1932
272 329
1384 1723
1581 1591
1585 1673
269 326
1299 1389
706 1146
1675 1702
1594 1678
1798 1863
124 311
1570 1624
1901 1987
223 279
45 1549
305 352
1587 1659
182 1845
860 1560
1788 1996
270 339
1637 1723
75 156
1172 1185
625 699
1261 1318
847 1427
1782 1851
1112 1840
1924 1961
1380 1456
1248 1792
1493 1821
1790 1852
1750 1827
919 1914
1247 1345
1848 1942
839 880
1784 1819
340 384
1008 1107
618 1255
1831 1903
206 277
525 1878
1327 1355
1557 1589
1997 1997
1501 1722
945 1003
1141 1161
1664 1960
1926 1967
1351 1381
754 1560
1498 1540
1437 1471
728 1155
831 1556
1409 1508
1010 1079
1717 1880
1572 1757
1466 1550
1455 1466
69 118
1997 2000
439 454
1530 1556
1489 1564
937 1470
2000 2000
88 183
278 735
849 1835
745 1376
759 1101
358 1511
1313 1994
1532 1613
222 322
831 840
744 1488
1052 1325
1477 1540
1756 1999
1193 1261
1497 1580
1297 1322
782 1724
1499 1549
778 1702
1396 1417
1415 1733
1104 1560
387 1728
185 1882
125 1925
1862 1912
1068 1372
1059 1061
274 325
1191 1231
36 88
803 1897
1871 1931
951 980
418 455
1903 1978
1466 1925
1639 1725
752 802
1759 1828
1120 1256
197 1081
173 939
814 1124
687 766
686 1272
1695 1922
1566 1606
1018 1027
635 1082
1403 1470
946 1134
944 1413
596 1399
1760 1976
734 820
326 819
1409 1445
741 1349
97 1581
280 1212
1031 1128
1474 1540
1923 1985
960 993
1691 1889
499 529
1927 1991
562 1801
1642 1826
1919 1995
975 1299
260 1302
698 776
957 1049
1839 1996
1543 1826
1075 1947
1201 1335
478 1083
883 1735
898 1095
954 1004
1471 1494
990 1778
424 1586
1909 1965
1927 1935
251 252
260 335
416 431
118 185
1816 1840
1413 1430
1975 1985
1070 1144
277 320
652 740
1153 1637
1225 1250
1994 2000
854 1538
1807 1854
859 899
670 1197
277 293
655 725
1501 1566
112 142
224 1519
1342 1771
879 882
1041 1904
1617 1665
341 410
1498 1541
576 777
674 905
435 728
1391 1395
1598 1992
475 1633
1179 1187
261 358
176 441
381 467
1297 1974
1660 1698
1193 1281
1174 1255
1861 1998
768 910
1731 1854
952 1036
1427 1428
973 1372
528 570
48 114
1334 1424
1738 1765
1063 1148
1594 1704
1372 1425
1847 1902
975 1710
345 1983
706 820
320 1406
1735 1832
264 582
1731 1809
974 983
1209 1571
1929 2000
1050 1131
544 572
604 658
993 1026
1161 1225
1991 1992
668 687
656 671
122 742
60 110
1808 1813
1762 1834
78 160
1185 1794
1162 1167
1686 1763
285 317
1373 1957
495 1834
49 543
394 459
728 752
896 933
495 578
1995 1998
667 1071
1979 2000
1434 1654
614 674
1038 1157
489 522
1514 1902
778 1672
1375 1643
1443 1460
1843 1971
790 886
874 1175
994 1072
1988 1994
405 413
1263 2000
584 595
1213 1669
254 311
729 822
457 935
1206 1371
1055 1136
1727 1783
274 415
476 489
501 1386
391 458
1556 1563
635 698
638 1990
1142 1801
1070 1241
194 226
1773 1966
1978 2000
1327 1531
11 1642
1052 1152
694 702
183 1205
501 743
1864 1907
1431 1761
1682 1693
661 714
182 199
443 1775
1585 1824
274 303
56 917
941 973
338 1373
57 58
1850 1873
1138 1283
1047 1110
1153 1245
527 927
822 1528
688 759
1909 1956
1406 1436
301 342
691 746
155 194
862 1796
1102 1137
337 371
312 1460
725 1790
144 208
1567 1831
291 1215
1080 1082
1681 1693
1715 1744
1683 1747
825 899
123 142
18 1276
1873 1881
65 67
1934 2000
759 783
269 1563
41 48
1831 1869
1700 1895
815 860
405 446
1264 1333
1493 1504
721 815
621 719
449 1347
1950 1996
253 1650
499 573
773 1120
1698 1773
1490 1970
454 554
964 1040
1808 1832
1451 1474
246 398
1087 1101
363 1797
1472 1579
1191 1551
1351 1392
1965 2000
868 881
1655 1693
1715 1787
1334 1385
347 934
186 283
1066 1624
1499 1859
931 1404
1287 1384
1035 1344
1374 1799
1282 1496
1519 1599
704 1512
294 1981
1707 1770
1053 1120
1725 1780
376 434
1035 1103
1215 1237
1267 1503
36 1125
238 593
643 646
672 1192
379 1930
1068 1141
974 998
1538 1703
1441 1973
17 1219
73 161
1101 1134
1098 1186
83 535
1157 1198
193 1902
1177 1657
1910 1942
479 525
1303 1787
443 514
190 204
940 1836
1855 1911
44 1477
1069 1106
299 881
1704 1986
1263 1844
186 1261
1376 1474
38 57
1614 1628
1767 1956
421 458
465 504
390 466
580 616
353 956
436 577
174 178
656 691
1928 1958
696 751
1408 1662
640 703
1175 1227
1580 1633
514 544
1170 1247
1411 1559
1765 1857
330 557
1499 1565
1418 1471
1278 1295
887 1520
1296 1319
1845 1902
620 654
1453 1802
609 1540
1359 1372
403 761
178 269
30 649
1615 1713
505 932
179 208
1387 1403
1514 1565
1041 1943
1251 1388
872 1517
483 1111
1317 1902
894 1216
1553 1630
554 970
1366 1734
1940 2000
1004 1235
1550 1814
1382 1461
1133 1783
1151 1663
1876 1953
1212 1267
1096 1552
734 832
1921 1927
411 1370
1222 1251
1823 1928
151 157
1445 1605
134 1778
244 1348
11 1906
766 821
1035 1569
1369 1662
1571 1699
1404 1464
1043 1953
554 558
1295 1373
42 47
1855 1912
912 1003
441 1070
1595 1680
417 1277
830 1029
1406 1406
1311 1387
1394 1408
1693 1785
762 1115
702 1358
980 1655
1188 1245
400 1568
1397 1469
726 1681
1439 1547
856 1035
1028 1166
896 982
309 309
978 1063
799 869
409 483
1743 1813
1901 1953
1905 1912
1458 1756
1652 1871
94 135
875 1626
1824 1909
1254 1287
1736 1982
1707 1766
1790 1968
1255 1274
1007 1292
756 1014
773 1092
97 1688
93 1221
1064 1082
286 815
1159 1686
382 1476
516 568
1203 1280
1446 1509
298 313
1132 1143
1669 1710
395 776
1973 1990
68 133
1999 2000
576 586
1508 1534
934 1916
510 1165
1021 1032
1120 1518
1061 1910
1249 1253
1265 1768
437 708
1120 1185
484 539
89 1655
1341 1354
1294 1973
1003 1027
1383 1510
1004 1067
1361 1457
905 1709
772 944
1645 1924
113 185
1366 1444
1746 1757
1878 1932
920 1808
1850 1894
384 1785
1247 1870
1103 1244
1506 1831
735 783
1737 1827
1067 1163
1667 1677
418 481
1763 1970
1869 1954
489 948
1735 1754
1312 1370
1359 1393
829 1323
1549 1827
636 1136
302 332
406 707
1619 1665
1028 1034
703 736
1693 1953
537 627
539 604
679 768
1378 1393
990 1736
228 896
1100 1332
1506 1509
751 1757
1923 1924
126 740
836 899
1506 1603
1234 1331
1378 1453
376 1934
14 30
311 1921
1195 1716
550 555
631 990
1167 1539
1420 1834
18 1012
177 185
1261 1354
119 1552
1807 1904
15 468
278 348
1168 1371
398 435
527 1801
146 1388
1365 1680
3 1829
15 59
1601 1607
403 1134
1338 1914
1238 1309
1441 1521
399 475
616 623
518 533
1740 1814
813 817
417 1598
173 231
709 982
871 872
1421 1732
1509 1509
154 187
1993 2000
1245 1960
1720 1803
924 987
1236 1247
992 997
999 1071
1783 1842
1002 1079
1247 1298
1669 1727
359 364
1463 1562
140 1608
275 366
217 245
840 1074
1555 1967
622 1529
539 612
1681 1813
857 936
954 1815
1088 1774
1394 1416
1649 1767
267 296
671 713
1087 1584
576 698
1631 1846
1882 1996
1550 1610
1851 1951
593 1488
1298 1426
69 1408
1608 1613
1535 1922
966 1465
1001 1279
1029 1257
1653 1691
1159 1454
1610 1731
1659 1675
414 459
515 1477
91 157
466 555
1947 1996
991 1017
1378 1381
1383 1414
1661 1728
1445 1531
1489 1580
1241 1677
1054 1124
1911 1920
1202 1213
9 268
1097 1855
1657 1859
1446 1532
1690 1949
1252 1574
423 1700
1720 1882
654 1664
1417 1583
253 424
74 1414
970 1026
265 1792
278 314
1586 1759
1900 1980
485 550
1069 1100
642 1590
1485 1563
1477 1593
1517 1750
540 1691
1293 1794
832 851
1210 1843
992 1063
340 724
400 936
873 1536
98 629
1874 1999
708 710
1951 1990
1910 1958
501 601
281 1689
428 511
57 1581
262 354
512 731
199 1754
43 124
570 1966
155 200
1332 1423
533 601
1766 1802
150 247
1324 1524
351 1889
425 1688
1617 1837
1626 1875
465 1303
1062 1103
973 1909
1961 1994
1106 1153
1550 1649
67 743
1919 1976
1484 1881
836 1905
1047 1138
1871 1968
1330 1342
1153 1237
1276 1696
1123 1649
1347 1395
1387 1486
1123 1144
1624 1639
616 984
198 247
580 1740
375 1099
1531 1990
244 291
381 476
1273 1558
254 294
981 1015
1027 1064
795 1879
951 994
923 1916
1473 1492
1835 1852
553 558
573 807
478 493
1171 1319
1421 1717
1887 1887
897 1994
1415 1514
1539 1759
1193 1328
173 190
1325 1736
1433 1580
699 1375
821 843
519 576
365 1957
1764 1964
705 749
1049 1617
989 992
998 1672
128 1463
428 888
1617 1678
992 1252
1733 1757
1391 1627
208 1140
44 1040
827 1028
713 1335
98 1765
1842 1965
1121 1986
1541 1971
857 885
1352 1837
1618 1673
1843 1975
380 1981
1959 1968
1164 1605
1381 1439
1067 1160
1569 1752
1282 1749
942 1391
1999 2000
1301 1351
911 1080
1339 1946
1544 1643
76 176
548 641
749 838
1198 1551
689 698
1940 1958
871 903
670 716
495 1687
721 803
291 390
937 1030
1871 1960
1957 1957
1551 1628
1638 1944
991 1031
85 566
1762 1921
540 610
1712 1941
1958 1977
1000 1073
841 1148
285 305
1014 1319
1783 1833
1784 1916
1819 1914
242 299
995 1032
912 1402
675 748
1288 1860
1788 1971
1772 1852
697 1244
14 100
567 627
21 251
1039 1475
12 947
1178 1448
653 1248
1714 1751
419 704
729 866
1195 1817
1199 1296
825 1529
1453 1479
1185 1187
80 81
590 1590
1417 1768
1085 1136
264 1059
1679 1734
84 175
1746 1753
404 1699
459 522
1128 1406
758 840
304 1734
1887 1952
511 1967
95 1603
1869 1996
1352 1414
1404 1944
1117 1149
701 1493
961 1724
1909 1934
974 1039
421 495
1472 1522
1405 1758
1085 1579
1572 1982
1221 1265
1604 1675
316 1671
1837 1998
792 869
121 216
1520 1600
936 1004
273 552
1964 1997
420 1546
1964 1998
893 1812
346 1055
204 304
34 51
1923 1970
289 364
898 960
121 652
392 449
431 485
1331 1615
1125 1367
821 965
466 890
274 313
471 495
374 429
1652 1726
58 1225
1918 1938
480 816
17 21
955 1051
1970 1971
1986 1997
822 874
32 57
437 848
1388 1950
1461 1510
1156 1200
708 803
1923 1946
1000 1370
573 627
1133 1314
162 431
1676 1850
598 1996
886 1249
1934 2000
1203 1987
627 1755
1839 1841
1165 1550
129 933
1024 1100
58 153
814 878
321 1507
212 249
1190 1808
1949 1964
189 632
1631 1765
1323 1344
995 1228
1415 1886
921 968
166 779
1093 1872
1333 1479
1838 1938
208 1447
1680 1739
1826 1983
1180 1815
522 641
966 1033
1456 1550
1768 1884
471 1279
1222 1882
954 980
1202 1209
1993 2000
772 1167
1695 1937
873 1023
341 368
707 1634
584 1779
718 787
1069 1141
1842 1901
1218 1967
736 1799
1968 1982
150 1351
818 1083
1432 1479
105 168
805 894
345 1886
925 971
1409 1624
994 1625
484 536
626 1276
98 1439
81 96
367 405
1783 1895
1406 1424
1242 1332
93 145
1375 1455
1566 1656
1721 1817
839 862
756 1269
1088 1538
888 966
950 973
1131 1173
1023 1322
838 1712
1254 1463
1634 1942
298 309
1920 1969
1510 1722
94 744
149 1634
1295 1306
332 919
872 1396
1498 1612
640 1129
139 194
1691 1789
57 798
166 236
769 1697
1383 1452
1875 1890
157 208
562 586
1452 1505
389 1931
819 891
1061 1999
374 464
230 688
1616 1703
1112 1871
1333 1436
860 1738
1062 1127
1735 1835
1769 1946
1932 1957
894 1058
487 1810
758 1376
693 1468
1862 1887
1369 1634
1141 1725
419 574
389 684
5 1636
904 947
716 788
290 1569
1053 1721
1894 1936
1675 1725
1343 1831
1532 1612
1560 1874
47 717
1931 1998
1097 1697
1936 1948
219 260
1333 1718
1943 1959
1432 1696
1071 1128
222 1503
818 1716
1461 1510
1599 1638
1141 1448
240 346
1955 1957
1502 1761
151 243
844 855
1375 1407
252 692
391 1321
1773 1953
766 814
610 921
383 1309
262 1600
1081 1138
497 852
1782 1811
1020 1373
847 1402
1590 1767
1528 1857
852 853
463 820
22 29
1133 1166
620 1493
395 1573
1437 1497
1498 1618
343 354
1513 1592
1874 1931
1304 1918
743 765
569 642
868 1487
247 1598
544 1655
1608 1661
1407 1475
1412 1512
611 1092
503 511
607 661
747 1127
1648 1653
54 126
1879 1894
108 1392
1947 2000
402 1686
1328 1378
1637 1976
1509 1609
1387 1439
63 515
977 1449
685 1452
1006 1152
823 826
767 1606
368 1086
1812 1902
1647 1720
528 539
870 1392
1277 1310
1637 1736
1714 1952
548 549
305 387
1058 1131
176 197
237 1405
279 571
1176 1778
7 58
1356 1456
1154 1175
1361 1461
1510 1592
1267 1341
668 1857
1544 1584
1372 1720
580 587
491 570
317 1158
1545 1585
1388 1492
1806 1997
893 1898
1653 1971
297 960
628 705
1633 1673
1842 1846
1741 1776
375 1289
440 1872
1426 1516
947 1039
640 1005
214 223
900 989
1929 1929
2 1507
1284 1376
1543 1617
1393 1431
1266 1551
1714 1938
515 544
42 60
1647 1691
554 1102
131 806
1472 1521
1315 1346
1669 1987
191 869
1330 1478
802 1994
1740 1928
822 1993
1816 1840
791 1822
1494 1552
958 993
189 694
1430 1485
1585 1585
1396 1473
1043 1754
845 872
848 1099
568 629
442 505
58 156
89 378
1507 1904
632 1567
1615 1933
1602 1653
1869 1944
861 1153
1314 1632
1140 1191
1136 1243
75 134
1567 1656
1251 1277
371 758
1617 1666
1412 1578
164 1742
1277 1384
67 1361
354 396
1491 1530
1654 1718
719 1082
293 351
746 1494
1875 1902
1121 1611
1733 1814
1296 1415
652 669
1032 1094
53 87
1157 1161
1945 1945
1332 1500
1260 1949
38 106
843 1839
1752 1983
353 1657
1114 1164
559 1498
1657 1750
1790 1791
213 418
1952 1972
1672 1834
810 885
1056 1258
842 1446
822 1999
85 499
468 560
620 646
596 643
180 251
1900 1911
741 1394
416 460
1373 1835
1757 1849
923 1155
176 1907
343 1079
629 700
917 1652
1663 1758
392 487
976 1795
182 192
126 342
794 1728
727 1458
629 1615
1363 1955
1538 1571
572 629
932 1671
792 843
1227 1230
593 1153
1496 1673
1692 1708
1376 1470
835 1060
1728 1775
271 1207
861 1482
1267 1639
977 1018
592 604
707 771
164 1354
628 1458
185 257
1788 1855
1587 1623
1164 1193
123 185
1265 1340
616 1839
668 1933
1105 1409
621 673
198 235
556 642
461 521
1511 1601
577 1637
1265 1334
1038 1119
1429 1560
1171 1175
1745 1989
1239 1311
526 545
585 626
331 476
1501 1575
460 514
105 1004
1715 1872
404 1012
62 408
777 1897
893 1016
545 641
1285 1495
801 828
1931 1967
1958 1974
1406 1508
483 535
427 1575
1936 1975
247 346
762 785
1539 1864
987 1200
438 1070
671 770
1282 1290
550 1499
1018 1439
849 1885
391 1742
1294 1360
195 225
634 724
793 1299
1104 1150
770 837
566 661
690 1747
387 1243
757 840
624 671
597 1775
13 553
1575 1583
1180 1770
861 888
445 1445
774 774
1403 1471
371 398
1307 1860
653 674
901 1251
1916 1950
1320 1962
917 1014
221 255
1582 1952
136 662
909 1000
1646 1646
1712 1812
1828 1846
1095 1907
1528 1595
1505 1566
1189 1886
1438 1646
1883 1976
804 903
1542 1569
1798 1829
739 853
715 751
88 175
154 348
601 1786
1632 1919
1203 1287
813 1087
540 547
1696 1949
591 1571
68 209
976 1041
814 899
1484 1581
1651 1735
788 1802
725 1016
1798 1800
279 1270
1043 1095
105 1339
1670 1702
691 1249
1008 1299
360 1447
1803 1866
115 194
286 339
745 830
1887 1923
1639 1857
964 1040
658 726
569 1809
358 1125
514 586
1169 1427
1966 1971
773 865
1483 1541
680 788
513 522
622 1122
195 1054
302 354
165 185
472 494
568 629
1753 1784
739 1565
1234 1788
1997 1998
987 1308
670 978
436 996
110 1870
182 1706
329 382
1661 1676
853 900
1702 1736
1117 1133
1485 1950
1844 1927
191 202
1766 1953
317 319
643 932
659 881
1404 1433
1405 1972
864 894
1630 1933
566 571
1427 1485
955 987
124 180
488 521
996 1166
1184 1818
1978 2000
1470 1861
1190 1298
218 1889
1843 1889
1864 1960
1413 1747
370 1492
1879 1945
21 73
137 179
1884 1953
525 1104
1905 1997
206 239
162 1118
485 1529
1195 1267
342 371
1362 1711
1773 1976
22 127
204 1105
1982 2000
1378 1444
1826 1996
375 887
978 982
1379 1397
1253 1356
1049 1125
191 1116
1815 1826
1471 1472
1471 1524
1883 1974
1064 1107
1121 1214
337 1867
1863 1893
63 1443
1180 1995
728 1520
1901 1909
1377 1869
201 1575
132 1831
923 955
188 1808
532 1766
1908 1943
751 1167
388 471
163 1852
550 1054
322 1453
389 1122
65 420
1374 1428
886 916
1106 1172
333 1537
1287 1358
699 1586
1955 1996
1079 1956
966 1986
1822 1976
137 218
1003 1986
1670 1961
590 1097
291 1358
1931 1976
499 864
429 1307
549 859
1425 1487
1402 1478
776 861
1895 1968
946 1009
815 1709
1776 1788
1753 1773
204 1030
286 1253
1360 1417
991 1780
1453 1490
1842 1896
831 848
667 681
477 1809
884 1839
945 1056
1105 1188
1188 1279
1335 1721
582 1958
1254 1270
1400 1681
1706 1935
122 163
277 1937
1810 1922
608 702
1771 1843
1101 1116
722 820
912 984
32 834
123 129
1011 1085
1260 1786
1907 1988
1094 1573
1477 1814
797 892
1448 1960
870 947
132 1010
1748 1787
778 778
1693 1799
546 557
948 1041
1408 1568
1361 1396
684 1904
1279 1988
721 1852
712 1846
1450 1785
1433 1975
1999 2000
580 619
1 39
127 151
141 1483
1975 1980
1656 1906
1223 1833
482 1990
906 942
1889 1935
1290 1738
892 992
339 1881
225 247
809 839
709 895
946 1833
650 677
1406 1682
1942 2000
1414 1457
789 828
1805 1875
868 1942
711 795
1236 1864
944 1445
1778 1864
780 1191
537 543
479 520
351 399
1111 1152
723 829
1257 1333
1006 1070
842 1184
259 272
1374 1379
723 819
1415 1435
383 1719
1463 1697
851 858
1308 1993
1517 1823
1879 1970
1606 1846
1530 1948
1243 1313
131 169
671 758
462 1969
364 708
176 746
671 1814
549 638
964 1478
799 826
751 1830
1018 1064
1878 1902
1121 1714
805 1863
591 1033
1950 1999
192 221
602 687
1055 1091
835 896
334 937
1609 1629
1722 1748
322 1875
453 1942
1845 1902
408 477
684 1839
1735 1974
1909 2000
239 289
449 491
1922 1989
668 715
1491 1534
24 41
1127 1513
1981 1986
1919 1931
857 902
902 902
1081 1143
1637 1693
1020 1783
391 465
907 917
676 739
1186 1280
1176 1525
1911 1928
290 1901
1028 1205
1013 1021
1115 1352
29 78
63 1726
1442 1626
461 483
296 298
1686 1769
1548 1949
27 77
1381 1384
321 327
388 475
557 1899
1508 1576
1996 1997
1678 1854
1786 1882
1085 1865
743 1102
740 979
155 236
1335 1348
874 1461
319 413
198 213
1556 1992
216 233
67 599
878 967
432 492
1757 1788
1631 1844
796 846
1020 1942
264 314
968 1140
4 91
1339 1384
747 1382
349 350
792 798
446 1963
104 110
1162 1220
687 1342
655 914
1014 1095
1300 1803
1531 1778
1907 1923
1788 1817
913 952
390 1282
1827 1868
794 843
1947 1950
956 1008
711 749
897 927
722 750
200 1647
84 91
155 1102
540 925
1954 2000
798 1007
1066 1141
999 1386
1356 1390
290 338
1536 1760
780 1921
1365 1686
1367 1550
116 125
736 788
188 221
876 921
264 267
394 626
530 542
890 1825
1219 1272
1585 1600
543 1457
1548 1581
1316 1844
1929 2000
1891 1947
1051 1079
1100 1814
975 1492
196 256
1440 1499
984 1477
1308 1370
1951 2000
1297 1539
1449 1456
685 1036
92 173
1539 1542
1474 1912
1417 1517
51 777
820 903
651 883
1584 1592
1543 1640
18 83
1661 1751
1166 1204
245 1835
386 1143
793 811
1334 1347
1990 1995
1884 1924
771 777
946 1011
228 1790
1705 1815
218 279
542 1134
1413 1473
479 1133
195 218
117 147
1626 1638
1121 1198
1679 1707
1467 1651
