2000 2000
0 320874 104651 271391 399848 393396 856377 212093 476725 0 53884 58062 1032745 883772 880705 85582 164454 908240 0 488415 1037522 434206 536412 806504 362629 420714 1017733 0 684780 855022 272237 544429 772498 668501 183952 24176 0 246226 450142 558864 642282 395995 565804 175199 638661 0 313394 819146 676636 767532 202327 805834 806907 684179 0 741610 911740 603807 300471 78349 511001 788726 706915 0 627722 413562 124141 130031 463434 50924 992462 275307 0 268081 508970 625895 396314 558126 471231 982641 177403 0 673523 716824 802857 846883 847478 717420 244495 839739 0 732395 591848 1030645 12449 155745 244074 468029 979947 0 750282 993748 72441 348296 615343 123556 707850 285928 0 461798 153119 500995 486590 434815 953809 606651 286369 0 788911 753084 400773 72656 527279 271686 696619 880650 0 339046 476737 21214 434822 687363 776053 177861 368861 0 865793 995510 819 317819 231362 746761 833665 216812 0 22931 680667 290703 563742 349902 518368 392995 964849 0 354934 761962 130552 543103 594754 369722 1016801 370549 0 325302 793917 262952 333922 297776 822971 346573 393207 0 196338 808192 950020 645981 211444 33426 249850 664775 0 373247 217116 573322 185475 210968 682059 884028 423886 0 335013 411958 673103 616518 211275 944131 986214 950052 0 330442 959845 909193 189023 238201 263874 165645 185290 0 1037467 459562 995997 69537 364185 362419 906072 376119 0 856052 730889 682153 478141 97236 438193 730737 381522 0 41738 584512 89173 830962 268336 988993 623968 723980 0 655284 912510 939358 860439 381832 1034567 972079 259197 0 414745 39756 956827 343923 69253 348220 38077 460533 0 939949 851774 324185 422860 38041 310641 725062 748255 0 232744 730284 959705 48158 935555 51608 170452 66102 0 631077 44708 164801 814163 664372 105875 530039 52114 0 614898 818007 387826 759213 949415 792521 400104 850126 0 818002 600935 1029107 513122 86433 976554 548948 598942 0 492477 275094 732119 550459 776197 847265 503209 447853 0 408481 206392 823005 708654 487200 244319 333279 980440 0 106252 246822 3899 858265 840768 396412 71588 274069 0 749494 187444 457550 107360 469550 672795 876210 97345 0 902359 192963 253834 217727 940242 935134 547903 820318 0 951910 396036 343964 223982 620953 331333 714731 418152 0 855029 967154 898678 128971 980788 570755 997682 991412 0 508133 873423 422929 282711 152024 564893 130845 662228 0 839660 904640 481499 6013 470226 218258 554227 533552 0 42117 222440 762931 426598 593716 796351 238528 909376 0 936379 886380 740880 847768 1023610 511260 348227 237845 0 695245 195099 361713 31781 252795 947417 99430 704539 0 6000 579044 13188 645300 415640 780375 410455 158310 0 934338 534568 465853 954271 342124 909645 355968 309866 0 796491 343062 762167 460244 186954 292338 231457 882125 0 80594 993270 311525 850553 163867 348650 851778 474554 0 919994 464424 769984 738440 266333 868418 1033412 182836 0 671624 221016 806676 277670 763787 620985 1029998 30973 0 338007 71476 632980 31189 867153 998791 948186 288218 0 422474 389985 57158 406662 449354 595228 796247 509550 0 747201 389564 17993 673948 517804 205305 385808 171380 0 641343 254242 820359 80066 395045 893004 1028066 712013 0 18032 383913 601649 625654 24344 168307 470051 900378 0 29480 718448 267822 494877 295947 49649 8016 53373 0 888297 638497 992467 799415 508103 319114 251063 630949 0 158807 514548 816440 384621 480054 423832 797381 653676 0 1033254 802772 330962 45251 881506 723610 897500 736846 0 771045 467738 117049 879374 854147 933654 619983 849959 0 1036999 362370 146956 45066 772630 526323 437323 191614 0 172654 289259 793033 622831 992854 113511 826322 876146 0 166446 630994 410808 302691 359398 690367 617586 120618 0 987731 1025647 127453 651838 369231 227881 139006 887958 0 501481 423220 438161 7950 404694 363085 267518 713696 0 507183 397460 752181 733603 684284 836355 648540 857942 0 669290 453271 19450 630345 215104 471848 168096 354685 0 185201 301232 1031396 659446 444118 958630 81603 652201 0 401633 643819 490498 175480 847837 951394 80869 662391 0 855202 611901 895480 203993 571102 113632 211374 1019158 0 1008557 33900 344441 760928 464297 991765 928121 962312 0 799206 166768 642206 274746 460619 392145 808634 802629 0 426146 417314 120383 835685 420017 513501 606510 934255 0 803256 920335 1031209 265416 931263 206836 472760 118814 0 559304 741195 429525 700207 110337 135315 590997 498125 0 714409 623228 253186 317386 97398 665456 611906 328899 0 594371 676948 812637 304665 820097 1017132 755226 951409 0 222978 271698 589343 168476 869543 709746 404966 273747 0 930125 66375 202415 94933 682618 877521 536036 939737 0 557391 321100 600062 361976 881761 1026038 613555 987930 0 605881 70215 848217 72740 621325 279417 667329 872810 0 201091 516611 686688 508868 87811 588429 662027 81015 0 1001249 308586 320635 273557 168762 612148 357069 458509 0 241048 323580 973326 2163 927135 925277 689790 223594 0 49669 195673 834024 410514 372658 88038 39342 243471 0 54438 611774 177620 581030 44148 409281 952416 969239 0 1012189 804611 109768 206327 345880 77713 118968 910699 0 100693 905314 154841 996653 399574 417814 817123 898679 0 271780 513149 701327 179979 32033 326527 507083 665752 0 228875 1048125 844961 229358 520745 633500 807634 500880 0 493971 158705 906992 69228 162056 332437 834264 775834 0 575718 974855 817522 631586 795770 460541 44710 262389 0 642878 58026 522870 840860 509217 595301 437928 456580 0 908342 745105 526713 159319 712895 1012030 901726 28909 0 391135 781000 804458 170407 899618 345219 759533 788220 0 568925 258163 647718 716019 69793 976063 20172 708771 0 514337 282438 137891 798944 654316 560122 355578 97893 0 929535 682446 375230 684263 509666 888529 1038564 271614 0 139858 1035347 586575 390658 51814 429761 158652 199409 0 5029 318303 349538 179639 645296 958045 720112 23425 0 135886 970188 7942 210759 990320 678478 682369 395823 0 326804 306987 939561 338381 557222 891270 981931 286923 0 823697 91770 211754 436630 402101 283007 896675 720971 0 147178 118196 888008 330652 1038297 446737 50343 789680 0 454061 638835 9596 422852 68929 315981 694887 376302 0 989572 957987 770736 859452 659593 595698 263503 178078 0 238396 696659 441895 485709 720260 819178 235537 828260 0 361092 713391 175122 682947 366077 532356 875504 650547 0 689437 489390 1029301 812408 880281 275191 725006 1000405 0 401999 816294 965177 178192 705447 1041808 7637 207154 0 296708 249336 1024745 931252 266919 995615 55120 355769 0 785359 899099 144777 509835 485473 353539 121037 764912 0 274748 332647 944902 383922 850987 92005 629997 520405 0 234162 540509 1028220 660609 272764 954273 291664 909312 0 789093 269588 952870 24827 1045140 301508 671040 140705 0 120574 726170 335696 55267 229620 532420 851144 70571 0 198701 880403 396379 233037 386930 543594 104798 535098 0 303843 231821 138008 607236 404985 333287 680631 993992 0 878456 908520 795298 175099 538859 636047 768734 389408 0 852815 91947 44229 23323 342427 625823 950744 588885 0 177556 331552 528718 444586 47011 423615 971731 476934 0 208663 756238 1015651 830039 399969 767287 966386 985258 0 935590 389416 31620 503921 914505 723896 137060 962500 0 4215 1000609 43092 228574 1020996 9046 607050 525006 0 672653 328942 326598 152637 267921 545885 624657 349447 0 399967 507463 70025 42343 237902 853380 1003989 425681 0 506729 723612 306540 362125 593776 578623 401766 301502 0 281833 522705 802061 134704 690108 949812 1033832 472311 0 388290 795411 800992 754573 621560 506484 809478 186347 0 370481 876456 412283 912740 642817 491698 1024500 887238 0 950254 605610 183384 136744 316015 808526 451987 583207 0 553658 175401 1018480 830151 212081 293217 565788 542477 0 471877 386447 83697 422991 626502 262768 223626 537320 0 580402 175554 587650 182782 101043 511693 385939 463822 0 845100 465053 874886 94688 737702 283277 517984 537998 0 240812 548442 614198 1014127 438116 975608 178911 322319 0 746513 527940 537073 976776 539451 701320 437431 675610 0 766154 907795 675390 682676 437210 3117 247647 945504 0 516073 293747 954656 553920 462636 689320 773965 584 0 331287 725954 571093 262359 630312 564654 95099 757873 0 749594 394250 1027668 981075 822608 634162 469065 703026 0 186037 379612 42454 520548 933574 1044471 470954 769883 0 990179 535478 525546 164507 806910 328331 289384 965319 0 86056 763119 305576 567800 913275 1036228 931373 793305 0 261866 16085 628404 869532 225488 1003675 275157 618322 0 711734 434814 571738 389618 135746 442832 901976 810562 0 123202 702122 879658 406289 590390 494701 714668 258516 0 828334 301615 273552 763647 178298 1031724 825730 651431 0 60254 685890 998902 497546 745714 721837 995824 186674 0 173608 328269 351470 411187 44733 76123 40147 822532 0 820319 7275 516494 320255 816900 235959 192390 836266 0 984139 638322 415060 410778 1029035 967139 380634 94119 0 455779 706037 420294 637106 690701 820820 300036 344106 0 880814 982605 616194 325911 1046431 512137 259849 347912 0 828381 996365 906933 684458 282311 776726 216577 43628 0 622418 1000179 495397 19550 396334 117209 640071 456784 0 952182 1026634 636956 220435 880936 372624 942380 495938 0 614378 952385 968217 645450 675437 612664 28923 986863 0 1017119 334626 331389 690347 367759 819252 200114 669502 0 1037083 777799 105511 933491 317021 528495 1041088 1023761 0 785057 17355 459658 300288 217570 276364 472711 743345 0 102583 341288 244638 631781 1029939 17842 18470 329994 0 920177 812560 831490 869623 758872 252017 937189 491416 0 944590 832324 863685 990104 203649 1017112 288357 879209 0 243597 426233 136544 365904 138714 526573 959631 1013197 0 783068 113357 243292 675747 1000343 795616 609265 607369 0 592069 159384 294742 990038 344175 210260 209585 1017953 0 769929 553625 29224 1028542 258913 693469 460067 491361 0 630905 867511 133145 42105 152815 317222 73291 909809 0 736875 862302 765927 379083 396735 435415 940180 734252 0 954596 601834 258605 461177 567681 746787 618937 1007565 0 967667 780010 29453 663101 844232 786432 576148 693688 0 523448 549770 255599 97432 153203 792936 374490 706199 0 395230 254372 925192 832012 216767 202766 542812 648696 0 766480 240510 482921 332129 682814 1002400 165491 411433 0 499813 512169 747434 649617 1027502 347978 814583 69946 0 992345 458755 189201 161187 123753 863716 206383 108571 0 922095 283827 199359 804265 1004077 621404 701250 322196 0 224905 4869 19358 474755 845706 89369 498412 225204 0 1026692 261460 16193 569092 441334 971979 122856 134995 0 576840 27304 208709 746016 33475 51904 257830 496046 0 1003962 269545 57856 102386 213505 379164 326146 388584 0 721483 792378 507043 636564 77553 854724 341450 77152 0 969269 8042 617311 131063 904897 94968 656281 435868 0 1016104 775054 810252 383507 1046448 137922 254203 59120 0 302754 906394 834149 238918 267123 813941 567034 558914 0 866559 120891 360679 330647 148742 749937 1031373 712640 0 290390 929789 395628 982913 711904 242396 569904 684906 0 669219 636099 195151 307325 388361 666562 31489 581966 0 511867 875878 997748 521997 69612 458349 363354 202210 0 420994 192700 849229 264939 536554 212518 666528 286257 0 539105 282572 39773 324045 358122 352863 968862 321310 0 538821 374019 548826 429377 721552 374263 979735 360174 0 887827 706522 664297 964194 981035 431447 626678 799810 0 43455 29221 285120 437395 407647 12848 967795 1000656 0 129535 505379 251945 73626 749842 959353 310759 464011 0 481789 920249 40422 464993 635588 438011 196549 645790 0 281338 70037 260417 876571 111110 772930 310924 486396 0 923528 46185 695157 40897 876701 19323 40780 589133 0 108361 536312 481300 962770 463417 273538 268497 658222 0 6037 677415 351859 67056 418655 733017 391741 541728 0 527395 166128 771753 45606 506272 602397 496295 910838 0 228106 27007 608319 994610 45684 548594 799600 818134 0 1025652 873583 36245 948241 246620 262391 243050 784939 0 781782 794018 478622 420836 518969 517773 461485 438047 0 635362 568845 938567 1040673 329396 500838 689783 286419 0 132816 413016 869975 768495 630765 63970 788951 57479 0 855275 369501 84064 299945 795785 238617 732599 680135 0 694428 758519 1000133 99665 170898 78793 121976 162748 0 234393 248829 455825 261972 899866 373632 89309 680612 0 358237 579152 336272 841051 493651 805984 738130 600203 0 1038259 133820 586646 142621 788165 743231 960256 593115 0 899640 996702 114997 552144 1044929 853651 688824 660683 0 446405 1044490 524468 413103 191191 90100 297226 22476 0 476970 909139 332331 811 73226 963335 619308 284151 0 364054 643747 795956 542272 767375 486739 693069 969895 0 1008216 858055 742883 1016363 312420 637054 52324 441649 0 1034841 229015 785688 773617 10422 633437 450218 157118 0 395432 748120 913499 852045 1012694 140715 934784 684111 0 757862 322277 812523 897285 856803 664730 740197 633128 0 92131 936903 1003980 516046 918748 33527 5879 124036 0 847747
1 2000
1 1
2000 2000
990 1010
211 227
210 1605
238 1763
1735 1801
1422 1467
110 164
80 100
524 1973
960 988
1246 1275
1927 1940
715 779
106 116
1443 1462
238 363
699 1293
886 940
1921 1983
1123 2000
146 170
1391 1747
1664 1713
1572 1960
1318 1591
1303 1393
1048 1148
221 1654
188 197
1056 1073
469 505
1218 1284
780 1629
1049 1099
934 1988
1431 1837
174 253
1846 1904
1929 1963
551 564
1436 1519
793 832
1571 1861
719 754
451 1662
755 797
489 503
1068 1209
1987 2000
1064 1440
481 520
1583 1979
1611 1642
93 174
1818 1843
860 940
301 351
540 608
1856 1949
539 1485
622 694
35 52
1550 1594
1789 1841
1099 1197
734 810
1501 1655
355 395
1261 1324
97 97
412 449
239 1353
1757 1988
802 870
618 1385
1201 1708
1073 1126
1690 1709
1133 1442
520 1452
491 549
728 813
1322 1424
632 1950
1928 1974
1616 1658
888 908
1597 1679
921 977
1796 1955
1435 1523
713 983
1200 1414
1281 1296
1438 1508
646 1700
162 172
1790 1833
669 726
876 892
1195 1218
370 1439
413 1815
607 1706
120 206
955 1450
1438 1492
488 1773
76 78
1763 1777
1355 1414
75 1244
359 1126
1174 1246
1900 1979
414 1695
1874 1980
1837 1970
561 628
1339 1840
1271 1334
1305 1879
260 1526
607 607
1359 1661
252 340
1348 1548
1690 1722
1401 1453
380 420
1087 1119
1572 1897
1914 1966
1982 2000
592 1081
1936 1991
1089 1726
763 1731
523 541
1187 1204
144 680
364 1053
175 1615
1984 2000
428 730
1673 1703
1183 1235
243 252
217 312
372 378
869 918
1842 1866
585 592
1529 1942
335 1849
1085 1986
635 640
1996 1996
959 1703
1455 1553
1261 1392
23 627
1828 1849
1617 1853
509 1854
846 1056
907 969
1005 1325
1772 1984
519 1013
291 475
166 190
1739 1746
859 929
1724 1888
1877 1879
1693 1696
1415 1963
1887 1967
282 1288
428 1028
1367 1394
1571 1581
389 394
124 1103
1952 1988
2 855
416 429
1843 1856
867 943
1750 1816
1633 1778
102 157
231 1598
1586 1651
1272 1293
618 755
1835 1842
1478 1731
1429 1884
1245 1577
1767 1795
1518 1814
1759 1816
1294 1575
420 429
1099 1612
551 837
147 1188
707 991
1399 1986
785 809
240 273
195 853
891 1266
1130 1177
1814 1868
1320 1837
794 802
958 1615
928 949
1753 1829
1753 1849
1464 1527
449 808
197 227
876 1373
852 1998
265 334
36 124
785 1116
254 597
848 863
1596 1913
1774 1961
840 1400
319 665
258 1223
176 1209
1331 1398
1671 1868
1504 1603
1400 1708
822 1617
212 310
1668 1679
1291 1311
429 491
976 1986
91 1282
388 467
993 1046
645 1250
221 786
1074 1099
388 501
1210 1305
502 1056
788 840
141 205
1017 1095
184 1770
1725 1734
1930 1976
428 580
645 665
1089 1588
1076 1159
1603 1929
1063 1810
598 873
1882 1928
1730 1779
1232 1663
207 1261
1054 1068
1750 1835
1109 1389
151 190
505 525
1741 1751
1835 1866
1120 1608
1083 1085
1649 1796
762 851
964 1064
703 1493
662 688
1320 1408
437 654
445 793
1846 1953
1317 1390
1925 1977
440 1009
1478 1858
238 675
172 238
1278 1711
647 1422
378 437
71 147
1676 1677
1002 1395
54 104
1160 1192
1404 1508
171 177
49 544
1267 1281
812 859
249 281
1136 1877
967 1060
1791 1814
1324 1339
1411 1559
1249 1344
8 99
318 346
250 1757
612 855
214 284
1865 1907
1145 1869
1478 1527
1415 1474
1795 1845
1440 1709
470 520
1870 1883
1055 1089
246 904
844 1285
1435 1474
593 616
440 1684
922 1106
735 1047
522 615
634 1342
828 1195
55 128
111 123
1315 1957
330 970
1737 1831
1927 1954
1453 1485
1443 1491
1388 1471
483 800
189 451
468 821
1028 1953
435 436
771 1131
625 1595
808 1957
420 1164
251 714
168 1613
1910 2000
1614 1752
653 923
1837 1906
121 1859
518 551
1746 1746
1821 1844
1798 1817
1431 1472
732 792
1473 1555
1219 1452
157 1696
482 982
716 1981
674 754
1337 1433
520 1969
1920 1932
1612 1744
51 95
275 571
1669 1978
1697 1716
1328 1672
677 765
1983 2000
118 768
427 519
988 1344
213 544
728 1266
746 1300
1156 1718
1219 1269
1330 1414
507 513
566 656
1175 1251
1983 1996
37 1575
918 932
720 741
1143 1475
765 800
257 518
308 981
501 598
510 513
1961 1978
1102 1766
1546 1568
1072 1683
1165 1206
1282 1977
462 1010
964 1146
397 1084
1401 1900
1409 1504
1733 1834
754 1812
343 458
1463 1557
1362 1413
1888 1922
36 42
1684 1691
1835 1935
1218 1236
1948 1967
785 1731
1092 1335
596 675
425 504
1785 1901
1074 1189
234 794
112 146
1978 2000
902 1164
1202 1728
1893 1941
1169 1335
976 976
1078 1815
54 70
1992 2000
1949 1971
135 1699
941 1397
1528 1594
1581 1837
407 1962
1221 1874
625 1258
719 1683
779 797
1267 1273
899 1141
818 1443
1978 1985
133 210
1999 2000
960 1855
1885 1935
1715 1790
1398 1822
1608 1690
687 774
1543 1572
878 1011
1294 1859
1680 1747
1635 1660
241 628
1440 1466
476 1466
1336 1365
424 452
1365 1872
699 764
326 333
549 567
1344 1384
270 920
1605 1690
138 1459
515 1818
1288 1347
1108 1201
1414 1490
667 721
455 1925
1674 1769
1464 1639
457 471
1463 1629
967 1036
1308 1588
491 582
438 1464
1701 1784
1324 1405
11 897
138 145
642 968
1711 1966
726 1367
1151 1176
1436 1898
1414 1463
1447 1458
1664 1722
1593 1678
1703 1988
1446 1589
336 415
605 1567
363 451
305 1543
1821 1868
583 1487
1211 1309
109 410
1012 1298
1280 1339
21 77
943 1425
1319 1937
1098 1911
360 417
1349 1355
796 1836
596 1621
332 374
1065 1484
613 1071
1823 1879
1668 1905
883 1807
274 1262
747 776
169 1369
1789 1875
582 877
1100 1144
1021 1030
633 697
57 104
1535 1608
1599 1990
1145 1848
316 797
1392 1700
1972 1974
993 1534
61 1281
667 765
875 1104
525 614
391 398
1172 1214
1333 1415
1038 1901
167 1938
1901 1932
167 218
168 970
863 1811
541 594
272 1223
234 264
193 281
55 63
1690 1775
849 856
1302 1485
1919 1977
1278 1367
1095 1113
85 169
1373 1541
1148 1195
711 755
217 220
1502 1563
1883 1891
733 781
1893 1959
1971 2000
1676 1759
411 1481
1088 1991
904 904
1422 1848
1699 1962
271 1229
1063 1977
1005 1512
205 1477
1827 1883
494 1383
690 1132
1344 1495
1464 1474
1839 1855
78 376
1632 1731
314 409
1435 1483
521 639
694 1477
1415 1859
1364 1377
305 1222
1411 1752
839 1765
1660 1773
952 1721
1717 1717
1605 1670
1156 1301
1223 1267
1979 1992
691 1283
1467 1655
1723 1947
1506 1548
1154 1202
176 182
219 239
957 1756
1660 1916
1109 1850
255 272
847 925
59 981
996 1074
1728 1949
1103 1203
1062 1136
1623 1891
253 269
608 641
615 1068
1175 1233
1318 1850
177 1572
1739 1942
544 556
1912 1951
23 469
1353 1465
901 960
255 537
1054 1133
122 1196
56 156
1758 1966
1805 1839
1348 1363
981 1059
1561 1974
1905 1920
1798 1860
1761 1858
679 750
1818 1892
482 1114
1907 1964
123 212
529 536
252 1074
834 1518
885 980
1342 1381
770 838
137 691
508 1669
114 1642
402 1330
226 816
305 947
219 268
1749 1781
1225 1324
90 1534
181 184
1028 1050
702 836
144 1770
1743 1837
1953 1994
1201 1649
1651 1905
385 1178
1286 1286
1940 2000
646 758
1186 1664
1275 1684
432 515
640 738
1205 1270
360 1800
1940 1972
1267 1276
1720 1943
1748 1829
795 1823
1653 1955
367 689
1301 1309
167 1675
1369 1424
909 979
721 992
673 711
921 939
918 941
1467 1543
78 599
691 1556
1112 1293
320 418
910 1300
660 1131
1457 1519
1951 1975
210 1634
53 1767
440 524
160 211
1141 1823
924 1021
1816 1824
916 990
1747 1980
78 122
1575 1589
622 1544
1146 1686
1839 1929
1594 1666
583 674
1314 1342
774 799
1544 1551
1528 1697
232 327
356 403
715 1710
65 152
1315 1452
476 559
380 463
1202 1258
1082 1115
509 677
1124 1180
204 1134
1374 1417
623 711
1509 1643
308 1975
751 845
1146 1213
1643 1741
1882 1971
504 582
97 138
1958 2000
1973 1982
1069 1081
258 307
1371 1441
965 1003
770 787
1633 1694
666 1147
170 1615
744 1108
1530 1969
1223 1921
413 442
263 361
1488 1494
511 808
993 1610
1336 1885
1838 1915
327 1337
134 1607
648 683
1108 1159
1886 1886
1660 1886
217 1335
352 1507
994 1619
1493 1504
773 1480
116 155
1317 1401
1289 1352
380 382
24 114
324 372
285 377
943 1028
1961 2000
1685 1730
705 792
737 1966
27 135
1628 1824
1146 1924
1537 1950
269 285
1880 1971
60 152
1252 1285
138 806
1595 1856
651 676
421 490
429 526
731 1518
1842 1910
983 1302
1698 1787
1508 1835
1671 1717
1962 2000
218 281
471 481
1277 1295
761 825
27 39
77 644
1199 1483
1668 1716
1241 1670
714 734
548 1705
645 745
604 658
1098 1684
1127 1438
87 129
1668 1717
1543 1546
1399 1682
1831 1928
1987 1995
894 1849
1061 1157
711 1782
959 985
769 1517
509 529
91 166
268 922
292 295
1776 1838
985 1242
617 1075
291 627
1845 1888
755 850
478 478
690 729
1953 2000
306 1044
1119 1614
843 1567
1766 1793
958 1031
282 941
122 224
1344 1392
1895 1903
445 1597
332 1561
419 430
1500 1584
1639 1700
389 400
595 647
180 207
1252 1306
1369 1451
731 1520
658 1700
810 1440
1979 2000
1637 1697
98 1912
644 669
699 743
123 169
326 370
9 295
253 1378
92 177
1322 1722
1147 1168
820 1934
1175 1263
918 1322
1716 1772
1413 1450
945 1946
143 1844
122 172
193 605
1892 1903
322 392
348 972
488 1953
1724 1792
1943 1954
1034 1125
1660 1957
131 585
154 344
1209 1513
1950 1997
775 797
1985 2000
155 205
706 1940
119 204
353 1598
41 1711
1418 1479
226 323
1919 1954
1043 1135
1907 1986
1095 1194
1259 1282
263 1925
535 544
600 1756
1462 1738
251 1619
1652 1874
798 1016
35 1928
1984 2000
1459 1885
106 473
1218 1309
593 670
1024 1913
1685 1713
337 1290
570 775
589 662
34 55
283 330
781 879
916 1511
920 977
89 111
624 629
5 1009
1726 1764
690 1115
179 189
1192 1252
1120 1936
152 212
1567 1780
1242 1444
1967 1985
1082 1282
1640 1647
1709 1724
1778 1873
1894 1931
1171 1693
1450 1493
414 799
10 875
1611 1650
1934 1935
959 1093
1716 1821
1963 1976
801 1237
1434 1751
962 1502
1623 1994
605 619
1380 1461
311 1636
620 878
77 1101
639 701
1655 1912
1036 1916
1729 1938
100 120
1910 1946
796 808
207 256
1928 1961
958 1061
1757 1845
992 1038
1695 1751
384 387
1614 1639
189 264
95 109
1134 1798
1551 1826
675 759
523 713
1256 1933
1697 1791
1177 1372
1839 1904
1566 1606
1018 1026
343 542
212 258
924 1349
608 660
531 613
811 1879
1816 1909
1102 1385
1483 1519
1776 1784
1750 1863
1610 1651
1901 1955
1923 1994
1421 1481
475 1282
1655 1720
44 61
200 294
84 1864
934 1891
287 384
1026 1115
808 1801
1285 1299
692 697
101 141
97 622
1839 1902
1190 1290
1354 1476
907 1999
1919 2000
147 208
970 1431
1885 1924
844 1684
377 381
726 750
995 1716
1925 1962
1360 1378
1100 1112
1087 1529
1516 1777
1779 1858
13 1796
144 1716
1323 1443
1064 1150
2000 2000
1388 1905
554 983
988 1048
1166 1189
167 231
1681 1713
1247 1295
346 1980
545 1632
1925 1971
880 968
827 1362
1577 1835
97 925
527 632
1685 1755
1098 1856
906 1171
211 411
1759 1827
104 203
1192 1228
1570 1910
220 319
270 276
955 1353
213 222
195 521
592 702
1699 1736
870 1088
395 1576
1785 1816
236 237
1406 1545
555 1846
82 120
40 55
1812 1918
387 648
1838 1912
821 888
1124 1501
1188 1531
1641 1701
606 694
1273 1331
619 927
338 384
19 77
963 995
1893 1897
1259 1259
1245 1825
546 1806
590 655
1291 1739
1928 1951
420 1703
1361 1628
200 768
187 531
529 543
857 886
1159 1388
307 316
575 1248
1874 1875
151 325
1288 1363
473 1284
943 1034
231 820
1111 1922
1248 1545
675 722
285 815
1051 1110
1730 1775
740 1645
435 436
1521 1578
988 1041
827 1621
1534 1618
1485 1501
331 1130
493 1936
761 802
814 946
1974 2000
1776 1782
172 251
1066 1550
602 787
1346 1552
987 1074
482 562
1873 1907
1528 1611
705 1486
110 136
82 153
1401 1588
1850 1888
42 93
837 845
701 786
1413 1436
755 813
183 230
1341 1374
1659 1909
658 669
751 834
448 1589
372 426
1670 1727
1329 1376
1182 1225
1867 1975
1475 1559
143 1089
977 1001
122 143
397 1045
436 517
184 214
1966 1980
644 1188
1705 1905
1815 1920
150 712
288 302
983 1071
1441 1474
1630 1646
1751 1816
1961 1968
782 1565
1582 1778
1145 1354
1286 1581
849 1995
1194 1299
1529 1605
1310 1341
778 1461
1255 1314
197 215
443 486
777 838
1945 2000
1605 1670
145 1505
257 272
571 1041
1791 1870
709 771
652 1818
1020 1118
384 1082
864 1622
53 96
292 1329
1248 1340
1690 1766
658 1010
36 407
1379 1849
126 826
843 919
1816 1893
719 732
650 741
1265 1523
407 501
1898 1941
1853 1970
1370 1444
90 94
519 1307
716 988
1730 1740
1475 1961
876 1030
200 239
669 715
260 345
586 979
1863 1978
195 276
144 228
1411 1456
1807 1880
13 238
1317 1539
1202 1248
656 691
418 468
1179 1417
1136 1607
876 912
1168 1268
252 1129
788 1235
679 709
968 977
618 926
1033 1740
700 1227
665 687
1742 1978
309 935
1212 1233
1781 1866
1621 1882
1595 1841
149 412
1017 1677
1957 1960
85 180
1003 1964
1364 1777
1807 1826
139 1917
789 802
779 1466
1090 1527
765 1968
396 437
887 1396
1240 1306
972 983
1960 2000
1699 1992
1824 1972
865 899
1591 1640
1233 1233
237 1940
752 1755
1055 1127
1808 1957
25 75
957 1807
87 181
90 1389
194 496
825 1334
83 146
1770 1824
133 913
4 1066
1392 1482
1000 1800
672 760
51 83
285 319
1381 1385
516 551
322 763
1772 1780
1657 1839
1351 1361
1856 1961
1913 1962
1895 1910
1888 1961
1714 1811
1777 1783
6 61
607 1239
1658 1792
1362 1616
1998 2000
440 863
67 83
816 895
633 716
1469 1517
1139 1697
310 606
36 1655
1719 1721
24 1500
1706 1867
234 280
689 1342
1486 1838
1438 1452
1690 1762
1737 1887
475 1788
1224 1283
1013 1090
1963 2000
667 683
475 1392
1626 1664
159 1665
292 881
1932 1952
1386 1717
1471 1523
893 1564
1115 1203
1291 1350
361 372
1341 1783
1623 1634
674 727
1952 1984
907 971
1736 1824
89 156
259 301
991 1067
1897 1925
217 285
1281 1324
782 829
602 1704
408 546
1965 2000
1908 1972
246 273
233 1165
964 1999
292 1879
1568 1633
78 1570
1225 1460
1116 1172
1457 1474
648 650
1112 1931
1873 1990
1102 1131
207 295
64 161
251 350
1036 1097
1923 1949
1139 1829
1629 1900
810 1620
433 709
1345 1863
972 1757
462 761
683 1590
812 1799
1067 1088
217 292
1844 1912
1017 1044
1231 1260
378 912
102 458
776 860
653 807
1624 1657
1563 1637
1269 1909
1904 1914
302 384
16 108
519 1119
286 609
1289 1310
1367 1901
1162 1236
1207 1659
1381 1440
1912 1999
194 257
1511 1549
1214 1544
289 525
315 1756
408 472
1760 1777
1277 1320
1435 1598
1023 1081
1246 1326
1186 1249
1718 1793
1439 1459
75 1251
294 312
338 411
1862 1900
704 744
1092 1122
1938 1981
1963 1982
614 1025
1931 1981
1603 1955
1129 1165
361 376
646 1236
1460 1824
1404 1478
1959 2000
750 1663
1522 1744
1140 1533
956 1012
820 853
1485 1980
1550 1748
907 982
1876 1890
838 1748
1169 1200
1189 1568
118 1366
763 847
1316 1671
1726 1814
819 1776
1841 1873
1716 1765
601 649
1487 1573
1597 1675
1525 1536
898 986
678 754
61 118
1667 1730
1914 1969
746 1154
1368 1916
1999 1999
261 764
146 1417
1875 1960
1598 1714
1042 1809
885 968
17 158
501 1945
1874 1970
1444 1830
1227 1244
176 273
100 1605
1385 1393
1291 1670
1884 1896
1965 1995
1493 1493
1650 1663
1250 1563
930 1226
1446 1523
1976 1977
373 1495
1237 1784
799 842
980 1594
1465 1516
1382 1836
1900 1920
682 876
1656 1922
365 1945
1022 1317
1489 1540
1571 1792
192 286
1209 1260
769 1910
1921 1991
291 834
1572 1668
1153 1523
1619 1963
758 1947
1906 1919
887 949
618 697
355 430
1177 1900
1869 1885
49 945
1987 2000
794 796
1183 1368
1088 1823
28 1032
1914 1991
779 1731
667 723
1467 1726
583 814
1216 1449
146 1891
973 1935
307 1641
1196 2000
1754 1833
1263 1282
1581 1657
126 1495
1764 1857
325 1013
1708 1823
1129 1206
1369 1421
1542 1573
1529 1627
1759 1943
734 1263
166 1078
1328 1380
1745 1788
994 1225
174 232
994 1761
554 1212
1680 1772
446 1809
1221 1615
1712 1896
1544 1632
1238 1297
1048 1177
870 1211
814 815
463 547
598 624
1555 1614
378 1193
1431 1663
723 821
1430 1545
739 833
687 1803
1287 1343
1947 1951
149 1468
477 1317
898 941
1125 1160
1583 1737
946 1926
753 1094
968 1012
696 769
84 120
6 16
1596 1716
107 462
334 361
1833 1867
1551 1620
1790 1883
1188 1345
749 1235
764 972
756 835
1092 1096
1820 1851
1894 1920
242 1533
987 1627
1339 1942
616 1479
1661 1732
502 526
1605 1607
1493 1968
93 1004
865 887
518 1234
406 578
959 987
891 913
1153 1178
1295 1375
824 854
1152 1893
1379 1453
16 172
1731 1784
1291 1953
1589 1657
1099 1283
1701 1757
1912 1953
1090 1091
825 894
1959 1976
653 1872
1726 1794
498 1355
297 516
352 1021
1541 1999
97 183
625 1724
704 785
367 437
1272 1348
248 330
450 1869
227 259
1811 1911
841 1309
1307 1990
430 511
393 1616
921 940
59 741
758 1440
1956 2000
1088 1597
250 346
408 478
204 288
1625 1994
1285 1883
1566 1584
1819 1919
229 248
447 1881
1623 1848
1063 1183
1355 1437
868 948
785 820
1981 1986
983 1029
1925 1932
1595 1633
1937 1979
1959 1991
332 364
1922 1966
84 766
202 272
1125 1153
1771 1792
1740 1958
554 940
315 405
1273 1414
826 1056
877 936
1564 1998
1983 1996
346 374
1970 1992
1462 1523
1666 1755
1904 1918
1698 1724
850 1704
1467 1484
376 805
235 1298
1124 1131
146 184
1355 1744
1094 1172
1390 1399
1790 1796
1549 1976
851 900
28 58
1755 1859
959 1230
1799 1833
1851 1912
579 1528
1716 1941
497 524
88 139
1702 1776
1133 1205
1537 1554
707 722
1754 1950
552 620
1763 1815
245 313
157 649
447 572
1518 1587
470 756
320 339
996 1202
1867 1868
641 676
416 664
1064 1763
1220 1301
6 81
1729 1778
61 1634
637 1623
952 1329
558 860
1051 1468
1413 1623
742 1528
207 230
1512 1695
1704 1729
931 1028
1386 1839
1577 1898
196 228
1061 1070
29 70
500 1369
57 609
1361 1396
24 25
331 419
1966 1992
1443 1828
240 283
26 1190
155 544
1696 1724
558 688
754 1411
1645 1912
726 1588
1803 1853
1462 1585
235 300
1457 1785
1884 1887
1968 1989
138 233
43 864
498 1278
1957 1961
1947 1972
1222 1922
1772 1868
272 309
1669 1958
1377 1462
1761 1788
401 1884
1407 1832
723 921
1221 1275
1249 1795
1773 1803
790 1007
1872 1937
519 595
445 486
814 1156
73 1295
1352 1615
229 997
1570 1656
351 1320
908 1050
1008 1059
106 235
508 1595
106 151
60 1408
1003 1553
794 846
987 1977
988 1008
563 569
564 664
1243 1288
1846 1867
949 1626
1724 1861
1875 1988
1876 1942
1390 1447
1365 1453
1016 1077
401 451
332 359
1397 1439
1152 1340
1813 1970
391 418
1343 1531
1229 1318
1930 1956
299 367
670 1163
1829 1997
1343 2000
1225 1588
430 1520
722 1209
1309 1386
1151 1185
522 620
1431 1953
1191 1708
1868 1907
1993 1994
178 1095
1370 1390
458 552
532 625
177 1997
895 933
1485 1870
171 185
847 1584
121 211
740 1428
1060 1060
1554 1589
1904 1921
19 114
999 1869
266 326
121 625
614 963
277 1452
128 150
1263 1266
1590 1919
1619 1637
1412 1699
611 863
1098 1188
599 864
1769 1944
1322 1367
1589 1929
970 1066
1102 1570
760 823
1971 1980
609 688
1799 1803
152 1725
1618 1821
627 702
998 1142
302 1195
933 959
1561 1641
1016 1576
544 1243
1359 1405
1305 1706
1052 1064
696 701
1558 1612
1436 1572
807 1681
167 246
1509 1587
1429 1500
703 761
250 282
1852 1917
1090 1964
623 1368
1179 1383
808 875
349 693
1567 1635
1124 1198
338 379
930 1880
1874 1970
1517 1657
1309 1837
1581 1663
1122 1516
1654 1694
834 895
82 972
1837 1910
486 727
1891 1899
1084 1870
285 631
1193 1673
1093 1948
1813 1825
1577 1622
1313 1330
1332 1353
1646 1713
873 1742
532 615
1935 2000
1271 1961
301 1707
1446 1524
273 647
75 1098
1156 1210
984 1205
1541 1579
82 1630
739 771
1931 1991
