10
-850160827 -919481836 -422446464 785811381 476083337 -592510329 -395477141 512358399 -616069999 -203510507
1000
1 10 679835372
1 8 -868208804
1 10 -296643234
1 3 177943212
2 7
1 7 -160621087
1 8 176440258
1 3 -382522479
1 5 645781814
1 2 -913540268
1 10 739659753
1 10 -902851843
1 4 -17098828
1 3 19411775
1 3 823874963
1 6 693108421
1 4 -481327178
2 5
1 2 743809707
1 6 -993313005
1 3 -864497361
1 7 335021205
1 4 -48032184
1 8 416742131
1 3 -37216587
1 3 166820196
1 7 -836208095
2 4
2 9
1 3 920834132
2 5
1 5 590273046
1 9 614717029
1 4 -522801960
1 8 134121983
1 9 346078795
2 6
1 1 -861749331
1 8 601497909
1 2 751674871
2 4
1 8 -108958891
1 5 -823489136
1 5 -708171417
2 2
1 2 53239356
2 9
1 9 -842931093
1 8 762688741
2 6
1 10 -543746373
1 8 918062343
2 8
1 5 -171349268
1 9 -772170028
2 8
1 1 820216092
2 2
1 6 43746244
1 8 -306194527
1 5 -182573713
1 1 479757880
2 9
1 7 -554807166
2 7
1 3 -849705627
1 2 -337869446
1 9 408448082
1 7 617585450
1 10 -491267899
1 1 -419093262
2 3
2 3
2 9
1 1 906019106
1 8 85373891
1 5 -58829683
1 10 -177945606
1 9 819889959
1 6 -603838990
1 3 -526610080
2 9
1 10 -991166902
1 6 -583610703
1 8 -690573276
2 8
1 4 -579565338
2 8
2 5
1 9 -489951463
1 7 702857501
1 8 -518808216
1 7 -319147024
2 7
2 3
1 7 14043779
1 3 -453931647
1 4 -743830618
1 10 275470556
1 6 -362068742
1 8 -140878737
1 10 454756460
1 8 897681381
1 5 766544804
1 1 -95788996
2 8
1 4 -705062331
1 3 998489743
2 5
1 7 -230803675
1 4 -552785270
1 3 -68885472
1 10 -465005446
1 6 -936920851
1 8 77703215
1 9 -103148046
2 7
1 4 -975732409
2 6
2 1
1 1 -940526644
2 7
1 3 -644935857
1 2 281866558
1 4 -227512555
1 1 955687618
1 5 -669303099
1 4 468189780
1 6 26525706
1 10 -756771795
1 4 -411005956
1 3 572553339
1 2 -860489356
1 3 653036573
1 10 -546581669
2 9
2 7
1 1 324824941
1 3 186812069
1 8 862696700
1 8 374139612
2 4
1 3 344164105
2 8
1 3 -385280406
1 6 874736810
1 10 -868280196
1 8 436301656
1 9 267890564
1 7 -363845361
2 3
1 3 280978262
2 3
1 9 -174566409
1 1 891926227
1 8 -919536232
1 2 -789681690
2 1
1 8 -542183187
1 10 985359323
1 6 972892082
1 9 -51346512
1 8 522687765
1 9 -3984558
1 10 468536240
1 4 83224422
1 10 81432583
1 3 -344756468
2 6
2 4
2 9
1 8 -71886034
2 4
2 2
2 1
2 2
1 4 -477717419
1 4 612428603
1 7 -63986305
1 9 555482211
1 5 -159770542
1 10 -349499487
1 3 -264055620
1 2 134823743
2 6
1 9 -109141343
2 1
1 5 -636617889
1 3 -276958957
1 3 -428382224
2 5
1 8 -385121755
2 1
1 10 -230525735
1 4 380172088
1 3 475964887
1 4 -969155616
2 2
1 6 -644954916
1 6 -656923880
1 4 -4571721
1 1 -493704371
1 2 -955602654
2 7
1 8 -155144169
1 6 -339852325
1 8 -496857123
1 8 847071611
1 2 -667601239
2 5
2 9
1 5 -437945423
1 1 -90459353
1 7 785207015
2 1
1 9 -438552737
1 1 102869616
1 3 -507110057
1 8 218723322
1 8 -951191234
1 6 254391788
1 9 -855842943
1 8 -318164004
1 4 -463052035
1 5 -204125014
1 9 128444872
1 4 -481335078
1 5 710140549
1 9 992180279
1 7 -655355447
2 8
2 7
1 5 547259767
1 4 999324929
2 4
1 9 -200301840
1 4 -379740735
2 8
1 9 880188576
1 2 501502964
2 5
1 5 927070273
1 2 -981671222
1 7 45576408
1 5 873321105
2 3
1 3 594268579
1 6 680277233
2 2
1 10 897367820
1 2 900822169
1 6 880765171
1 1 -901675186
2 4
1 6 300127883
1 6 411664291
1 2 -349389762
1 2 25729849
1 1 684854399
1 3 451911197
1 3 827353922
1 2 -377119903
1 2 -913022534
1 7 276114482
1 9 992742298
1 7 609271569
2 6
1 7 -607030485
1 1 -395392813
1 10 456897825
1 7 -943116853
2 5
1 7 427211227
1 8 -64373219
1 7 -477961088
1 4 -105371682
1 10 -507471435
1 4 978331064
1 3 546939180
1 2 -910025734
1 5 848390904
1 4 443694546
1 7 726702812
1 9 -810738155
2 4
1 4 439973872
1 4 588543605
1 6 4720452
1 2 948757480
1 1 576013240
1 9 96872993
2 2
1 3 -737466820
1 5 -853740281
1 3 491534187
1 3 -684714802
1 3 -523594456
1 3 743802891
1 9 -462628012
1 10 366706280
2 3
1 5 883605010
1 1 -647885407
2 7
1 2 853887565
1 5 -780638006
2 8
1 5 -830625890
1 5 -991925966
1 10 -344822402
1 10 -243363676
1 5 -851047364
1 8 -954472248
1 6 743318111
2 4
2 6
1 6 -616099503
1 8 592940770
2 3
2 5
1 4 -434948412
1 5 -352399791
1 7 265714199
1 3 387466791
1 3 -184463457
2 1
1 5 -299578470
1 8 -992105854
2 2
1 7 528671820
1 3 -348238294
1 8 853446664
1 4 -173990128
2 6
1 6 -80014003
1 1 -741768634
1 5 -820996716
1 3 681771085
1 4 -337144667
2 5
2 3
1 3 -241728317
1 5 -876112270
2 4
2 6
1 7 480612929
1 6 624861825
1 3 -417144009
2 2
1 4 -204568610
1 4 -65770858
1 1 -67326579
1 9 117618485
2 1
1 6 441505480
1 9 205134990
1 8 -54334185
1 3 575837406
1 6 -325159433
1 6 -455289712
1 3 -405430612
1 2 122429949
1 8 604225133
1 1 883686410
2 9
1 6 935647324
2 7
2 8
2 4
1 3 464005301
1 4 860195221
2 8
1 3 -139490507
1 5 -370752890
1 4 994321177
2 4
1 6 -927790962
1 5 663087636
2 2
1 9 553783642
1 6 994531976
1 5 -331895787
1 10 -799440670
2 2
1 1 157370070
1 3 342723237
2 1
1 9 -69543261
1 1 -821512018
1 9 42284611
1 3 522333450
1 3 -619002137
1 8 558470407
1 7 99333382
1 8 -467306261
1 10 -751592259
1 8 6506780
1 8 6869058
1 7 -430304055
1 4 -369949705
1 8 -916726498
1 8 168554501
1 10 -95350062
1 9 500435011
1 7 -181376103
1 10 -762334222
1 5 -309640925
1 1 928015911
2 8
1 10 646536679
2 7
1 8 -858579400
1 6 248920886
1 2 -414264503
1 9 747398224
1 6 120145612
1 6 126231344
1 5 -24879909
1 2 122203182
1 2 602412232
1 3 -610727351
1 7 293555532
1 8 131470217
1 9 871608581
1 4 -894031094
1 9 -850125057
1 7 -736230275
1 9 -646311993
1 3 -198897747
1 6 998067549
1 5 -424836318
2 6
2 6
1 10 -407566980
1 8 -878071802
1 9 -546214216
2 4
1 9 322702806
1 3 -200737148
1 3 -811697114
1 5 827162756
1 9 -219638053
1 9 -770872627
1 6 548269994
2 1
1 2 437417584
2 7
1 2 814158217
2 9
1 1 396931081
2 7
2 8
1 8 772442292
1 3 -367381038
2 7
1 5 15995841
1 8 778488304
1 10 -263774024
2 9
2 8
1 10 43945683
1 6 973234173
2 5
2 1
1 9 624721432
1 10 769975725
1 9 -698351961
1 1 764425946
1 2 189567479
1 1 -3935832
1 10 554756014
1 7 -630982672
2 7
1 3 396047399
1 1 -724307894
1 5 -401112786
2 8
1 4 -4397914
2 6
1 6 -330670418
1 8 -801421906
1 1 -278034719
1 7 489910193
1 1 -588578645
2 1
2 6
1 8 765972421
2 5
2 3
1 7 923116522
1 8 -485744198
1 1 -663956943
2 2
1 2 -516993935
1 7 -763413848
1 1 829635298
1 4 -954986354
1 6 -359818464
1 7 -8397853
2 7
1 5 -91812500
1 6 -483064515
1 6 373057749
1 4 667568315
2 7
2 7
2 2
1 2 -672718304
1 9 -621340819
1 7 58673077
2 4
1 7 774446496
1 3 344098323
1 6 -584191428
1 5 858539954
1 8 -313445929
1 8 846532344
1 2 255349318
2 7
1 6 -572557257
1 2 -876260972
1 3 453334654
1 8 547317249
1 5 490299637
1 1 -169559778
1 2 -775439069
1 6 147075711
2 6
1 9 141076409
1 8 944904523
1 10 623532528
1 10 43751845
1 3 205729458
2 8
1 1 -442147471
1 3 -51004459
1 2 -800021409
1 4 309434299
1 10 122198946
2 1
1 9 980281642
2 1
1 7 -277849458
2 6
1 3 43430178
1 9 -482678942
1 10 -206248912
1 10 160513773
1 9 -611841656
1 8 491187179
2 1
1 4 456092975
2 3
2 2
1 7 955571621
1 5 437282566
1 4 707821089
2 3
1 1 -689275653
1 1 924183557
1 5 -805625965
1 7 530864271
1 3 869809287
2 8
1 4 719755504
1 7 466293575
2 1
1 4 546545884
1 7 448871233
1 5 303620708
1 8 -454561178
1 10 -555350128
1 10 -833149769
2 4
2 9
1 7 982624289
1 10 456808745
1 2 200308465
1 5 756649445
1 4 138117109
1 6 834195875
1 2 -226682768
2 7
1 8 -868123666
1 7 -16611121
2 8
1 1 202183729
1 2 -949086840
2 4
1 8 -374530513
2 5
2 5
1 6 -872519939
1 9 58894115
2 3
1 8 -192297585
1 3 -546162277
1 4 -131939677
1 6 -815250932
2 9
1 2 -490772241
2 2
1 7 722915816
2 1
1 1 618806537
1 9 -746953435
1 6 -904503447
1 5 961733703
1 6 611412569
2 7
1 1 436713498
1 2 234353886
1 8 -620661593
1 7 -684451412
1 1 641449837
1 8 90470784
1 8 930180809
1 5 84741702
1 9 -378451472
1 4 774837195
1 8 -734715114
1 9 -388479722
1 8 -167062997
1 8 333242865
1 4 700147757
1 9 402146592
1 4 -749280245
1 1 752924356
2 4
1 2 964551137
1 6 -675282749
2 6
2 2
2 4
1 10 -201025350
1 10 -963652069
2 1
2 3
1 7 -983600297
1 2 996145876
2 7
1 1 423687207
1 1 -374230775
2 8
1 5 -536733704
1 9 -103502998
2 3
1 1 -232868457
1 1 941261232
1 5 501262693
1 7 53067915
2 6
1 5 -272294542
2 5
2 8
2 6
1 2 985079254
1 3 53994103
1 6 399736046
1 3 -878469583
1 4 -912469041
1 2 532430022
1 3 368313963
1 7 759868042
1 5 -353556597
1 6 999622984
1 5 87001708
1 2 510462968
1 8 -642739447
1 1 -361674534
1 6 542610986
2 5
1 10 499925463
2 8
1 3 266830432
2 6
1 10 -465214462
1 10 222098463
1 4 -966599262
1 10 243682204
1 10 -751912713
1 6 -363020849
1 7 -594465004
1 6 -907453828
1 3 945304771
1 7 41085062
1 6 -342614251
2 9
1 8 965068660
1 1 90030535
1 10 510582107
1 2 785066802
1 9 696758387
1 8 -509840973
1 8 854870824
1 7 328509391
2 7
1 10 475288330
1 1 -215512305
1 1 -362452814
1 7 264707208
2 1
1 8 483760400
1 9 -355719923
1 10 -205770982
2 3
1 2 -651021276
1 8 -181475327
2 7
2 7
1 7 180871848
1 7 -394860112
2 2
1 9 791137328
1 8 -103935428
1 3 226100641
1 5 -927200326
1 2 790633835
1 10 504485539
2 4
1 5 576121284
1 6 -313243865
1 4 -25591299
1 9 -288290357
2 8
1 8 -367739528
1 2 -226558402
1 6 102612243
2 3
1 10 249377964
1 4 988736784
2 9
2 5
1 7 -774828044
1 4 -611065159
1 8 302497675
1 3 880697143
1 8 386635985
1 1 -949343220
1 10 -928718126
2 1
1 4 -852466573
1 1 561423297
1 1 -828959809
2 3
1 3 702384937
1 8 836119035
1 3 973753489
2 6
1 3 -145161924
1 2 -768031443
1 10 -321747722
2 7
1 8 -927974993
1 9 360391037
1 10 -252085697
1 10 -270900587
1 2 835967324
1 7 14566718
1 9 260938789
1 8 605615388
1 5 532896768
2 1
1 2 -740739697
2 9
1 9 751884031
2 3
1 1 -377026752
1 1 -716169845
2 7
1 4 592657797
1 3 -119736559
2 4
1 3 182446086
1 10 -986319143
2 1
1 9 136394236
1 2 -576208891
2 3
1 4 372473506
2 3
2 7
1 8 -340309451
1 5 987809046
1 6 -576095780
2 9
1 7 69573852
2 7
1 2 419592918
1 3 -374235607
1 1 -148492976
1 5 256705128
1 3 14156853
2 3
2 4
1 1 -891907178
1 7 -67005018
1 8 668443451
1 9 325488392
2 3
1 4 -292192271
1 8 -871274829
1 3 -40214121
1 9 -536522778
1 5 415526859
2 5
1 1 -981054980
2 8
1 8 -793950729
1 1 770936745
1 4 -599960449
2 6
1 2 571913035
1 7 -445286137
2 9
1 4 -311801091
1 8 -358907501
1 4 954786857
1 4 -13614740
1 5 -79916642
1 4 -338282246
1 3 213587861
2 1
2 2
1 10 996896513
1 8 639001828
1 3 634346667
1 4 -275939458
1 9 472170862
1 2 892676297
1 2 629384591
1 4 -235377139
2 2
2 5
2 4
1 2 10137554
1 3 382875499
2 6
1 1 892790356
1 2 806318908
1 3 740155585
1 7 -837264998
1 6 -93940416
1 4 56816008
2 7
1 3 -488062785
2 6
2 2
1 1 561767469
1 1 -463535538
1 2 -858650182
1 10 -618336373
1 2 -263417122
1 3 -871561574
2 9
1 6 757172691
1 2 490287599
1 6 312649639
1 7 78873010
1 5 -308999969
2 1
1 9 -241618024
1 5 171441092
1 10 -573279792
1 1 -505905339
1 9 -140905536
1 1 459482813
1 7 -844893923
1 6 -101065955
1 2 -858747899
1 10 813226147
1 2 281252499
1 9 -519008210
2 2
1 3 -508309154
1 6 -923522096
1 6 906852153
1 10 458925742
1 6 -8785798
1 8 473698252
1 8 -388689895
2 7
1 5 -159293921
1 5 -937091678
2 2
2 8
1 10 911116906
2 9
1 1 388118227
1 5 404031856
1 7 455579379
1 10 241844560
1 1 -963582781
2 6
1 2 -253890813
1 7 -688857651
2 6
1 8 -287234434
1 7 606919259
1 10 955022479
1 10 -350079068
1 5 636229732
2 3
1 9 -8839030
1 6 -529631934
1 9 979523699
1 3 401350547
2 4
1 9 615749492
2 2
2 4
1 10 -828563372
2 9
1 9 148959753
1 6 -588817602
1 6 472057647
2 3
1 3 438252296
1 9 -634623369
1 5 -567389082
1 10 -274727327
1 3 -673835746
1 4 385908324
1 4 -11262790
1 1 -287123648
1 6 -201814979
1 10 -105372437
2 9
2 5
1 1 848395976
1 9 286202494
1 2 -98435076
1 3 -137745051
1 8 729370553
1 9 634887840
2 9
2 2
1 9 923648500
1 4 799107894
1 6 -926576970
1 6 -570011937
1 6 -856234803
1 4 -131195284
1 1 468970748
1 2 601267165
1 5 916177890
1 10 578739707
1 3 -976050476
2 9
1 9 52923727
1 1 -869776378
1 2 458907751
1 10 -214251653
1 1 130078304
1 7 594197473
1 7 -704164091
1 3 -139403116
2 1
2 2
2 8
1 7 -576921810
1 3 -883267710
1 2 -783829104
2 8
1 10 -70916173
1 4 738031870
1 6 617589342
1 6 -183594718
1 4 -931586807
1 3 -655138655
1 1 968947039
2 6
1 2 717440197
1 2 -269028110
1 6 348816366
1 2 -455006634
1 7 146848426
2 6
2 5
2 8
2 5
1 3 -175009919
1 4 827526416
1 2 -13782030
2 9
1 1 285526720
1 4 92169143
1 9 624145128
1 2 331740818
1 7 -738059794
2 3
1 10 31137564
2 2
1 8 -615241274
1 4 -529277237
1 2 608803638
1 1 991694107
1 5 837066246
1 1 478884511
1 1 480131899
