10
-134613059 -750286759 -734891816 502623156 231861034 -939180103 50852541 284693794 -943345592 606254749
1000
2 6
2 9
2 9
1 4 -959436986
1 10 757689902
2 6
2 9
2 9
2 5
2 5
1 6 -69915182
1 2 143585131
2 1
1 2 266647682
2 9
2 8
2 4
2 8
2 3
2 1
2 5
2 1
1 8 -843704947
1 8 488456755
1 9 -656546084
1 4 621269564
1 5 952103199
1 6 -486298174
2 6
2 5
1 3 481905562
1 6 494295550
1 9 816571481
1 8 168062287
1 9 -443215050
1 3 429445817
1 8 -130425489
1 7 826828606
2 7
2 3
2 2
2 5
2 4
1 6 95064614
2 2
1 8 584749721
2 2
1 9 -965102798
1 8 -71637280
1 1 730477733
1 6 241740240
2 4
1 6 550371384
1 3 699234861
2 2
1 7 -187563289
2 6
2 3
2 4
1 10 -615931695
2 5
1 8 -598573144
2 1
2 2
2 9
1 2 619761461
2 9
2 5
2 1
1 10 -732721364
2 1
2 8
1 7 -50198765
1 10 180798632
2 7
2 1
2 2
1 4 381265237
1 1 -999488996
2 4
1 2 691221608
1 9 -740463938
1 8 -475279329
2 4
1 1 -517113750
1 5 25834260
2 5
1 2 800182448
1 9 -84020189
2 4
2 8
1 4 681647744
1 4 -73675712
1 7 -872299564
2 4
1 2 -144679108
1 9 -419224521
1 4 -44855347
2 2
2 2
2 9
1 8 980279355
1 5 245122524
1 9 549009573
2 2
2 2
1 8 846038150
1 10 -739202364
1 1 -357631835
1 4 298093105
2 9
1 4 -5781456
2 1
1 2 424109834
2 2
1 8 -522925250
2 9
2 7
1 10 448337242
1 2 546603307
2 7
2 6
1 2 -205993228
1 1 -872686315
1 8 795104111
1 7 -428647123
2 6
1 8 493241066
1 3 -671610603
2 8
1 1 -142607328
2 6
1 4 687771577
1 2 -786457265
2 2
1 9 141815120
2 6
1 9 564787856
2 4
2 7
1 2 442856197
2 8
1 9 -255432858
2 8
1 5 55220502
2 6
2 5
1 7 423447053
2 1
2 6
1 8 798266129
2 1
1 6 895020229
1 1 -788316177
2 6
1 5 799836659
1 4 814279798
2 5
2 7
2 3
2 6
2 5
1 6 631853513
1 5 -517362268
1 10 -789716481
2 8
2 4
2 9
1 2 120098514
1 1 212730524
1 9 -409148127
1 7 591140361
1 8 -519932559
1 10 822988487
1 6 241714917
2 9
1 2 472636504
1 8 663823446
2 3
1 9 -945298607
1 2 504983370
1 8 710197624
2 8
1 9 -818063524
2 3
1 7 -264837323
1 4 -438143572
2 6
1 5 452178380
1 7 477925934
1 4 -936428882
2 8
1 9 927892447
1 7 796735405
2 3
1 1 -616672254
2 1
2 2
2 1
2 2
1 4 -136332625
1 10 -550171776
2 2
2 7
2 6
2 7
2 5
1 8 802524578
2 7
2 9
2 5
2 6
2 9
1 6 -939674124
2 4
2 1
2 4
1 7 -543230922
2 5
1 1 887736216
2 4
2 9
2 7
2 2
2 6
2 6
1 3 803074663
2 5
1 1 -515312294
1 1 721926637
1 4 -782847005
2 6
1 8 -729749172
2 1
2 4
2 2
1 10 -929296820
1 7 -709673607
2 8
2 6
2 7
2 9
1 9 851888457
1 6 473230289
1 10 -329868704
1 2 643905110
2 7
1 6 372995867
1 2 460009799
2 6
2 2
2 9
2 8
1 2 -50874346
1 7 -110000353
1 6 572540089
1 9 681846094
1 8 -60196977
1 7 -736249897
1 9 -445219087
1 9 982988679
2 2
2 1
1 2 731771394
1 1 394141570
1 3 946222587
2 7
1 5 -352033558
2 6
1 1 -833920042
2 6
2 8
1 1 -61757233
1 8 443979483
2 9
2 6
2 6
1 5 806289666
1 1 886738349
2 8
1 1 665048167
1 4 -583557692
1 6 -565601938
1 5 665872763
2 9
2 9
1 7 -772343561
1 9 -935922774
2 7
1 7 -46546926
1 3 -883950865
1 10 -21920519
2 8
1 1 886048802
1 4 564149114
2 7
1 10 -601308944
1 7 -746141998
2 5
1 5 -470558962
1 6 -111829687
1 1 -909315939
1 4 -580688111
1 7 -495307800
2 3
1 4 561881645
1 4 -793999495
1 1 163944922
1 4 270033593
1 3 -78831325
2 1
2 9
2 8
1 2 540997167
1 10 174181099
1 10 900188568
2 1
2 9
2 7
2 5
1 7 -82572766
2 7
2 7
1 6 932363140
2 1
1 7 889180368
2 1
1 3 336746814
1 10 282390586
1 6 -470636290
1 6 126950499
1 4 -314553835
1 6 988231142
2 1
1 3 -551394532
1 10 640542773
1 2 33794644
2 6
2 7
1 3 -358416110
1 8 -478498354
2 2
1 2 -194299707
1 3 -472089420
1 5 -954252138
1 6 -467631798
2 2
1 10 -210440892
2 6
2 4
2 8
2 2
1 10 -167950182
2 7
1 3 394186133
2 6
2 4
1 9 685769034
2 5
2 6
1 4 -640371368
2 5
1 4 -699416482
2 8
1 4 335275697
2 8
2 1
1 7 797623018
2 4
1 7 -873518527
1 6 -949179008
2 8
1 3 -431027974
2 2
2 1
1 4 -339534191
1 10 959535588
2 6
2 4
1 1 -423504225
1 9 -875709482
2 3
2 6
2 3
2 2
2 5
1 4 115164950
1 6 894370228
1 1 888331822
2 4
1 1 -369722518
2 5
2 9
2 5
2 2
1 8 379634342
2 2
1 2 -393892115
2 4
1 6 877040595
1 2 510091648
1 2 -786166123
2 2
1 2 -419505965
2 8
1 5 664212813
1 6 -139955306
1 1 831761251
2 7
1 3 682000037
2 7
1 4 266746540
2 6
2 4
1 3 -508845333
1 8 -505084137
2 8
2 8
1 10 976921895
1 6 212898844
1 9 612788737
2 9
2 5
1 3 -892597836
1 4 -596763516
2 3
1 5 -613098492
2 2
2 3
2 5
1 1 -525903653
2 3
1 1 698204376
2 3
2 5
1 9 933342298
2 8
1 5 750815266
2 9
1 2 -755382324
1 10 -345260846
2 6
1 1 430319420
1 5 -945906399
2 1
2 3
1 7 -716700151
1 6 -104388126
2 7
2 9
1 5 855466977
2 9
1 6 -150451863
1 10 135001079
1 3 206076414
2 9
2 1
2 3
1 3 -255903256
1 9 -900440961
2 2
1 2 320761594
2 3
2 9
2 9
2 3
2 5
2 9
2 6
1 6 -402814253
2 7
2 5
2 6
1 6 424585654
1 5 161427715
1 9 -4186752
1 6 277157068
2 1
2 3
1 9 912306938
2 6
1 4 643455101
1 8 -832798453
1 7 437973947
2 2
1 9 531236772
1 1 -901250287
2 5
2 3
1 6 -721599200
2 5
2 6
2 6
2 8
1 10 -155421594
2 4
2 1
2 6
2 8
1 7 769215463
2 3
1 3 584987543
2 7
1 5 -435834728
2 9
2 1
2 6
2 4
2 2
2 7
2 4
2 1
2 1
1 8 754603691
1 2 -924456925
2 5
2 4
1 8 -256551719
2 5
2 3
2 1
2 6
1 5 -903070333
2 6
1 3 -897610010
1 9 437499355
2 4
2 8
1 7 346453382
2 2
1 10 -293742022
1 5 -334713655
2 9
1 1 -982717672
2 3
2 4
1 4 35168276
2 4
1 10 -473645120
1 6 584531824
2 6
2 7
2 3
2 7
2 6
2 1
2 1
1 3 -639620676
1 8 -496959787
2 1
1 2 -610616769
2 2
2 8
2 6
1 10 -440519934
2 8
2 3
2 5
1 7 810005307
2 8
2 3
1 6 926912342
1 10 -13032620
2 2
2 9
2 7
2 4
1 1 538321133
1 8 -979729317
2 9
2 6
2 8
1 9 -939246227
1 1 -947445683
2 8
1 10 83976173
1 1 -71212285
1 9 -11095324
1 5 110644065
1 7 939059887
1 5 -526578350
1 6 352581591
1 9 -76236794
2 3
2 6
1 2 -226240560
2 3
2 8
1 9 33795741
2 4
2 4
1 8 155321801
1 10 -180999834
2 1
1 7 745779404
1 10 919458571
2 5
1 7 -830775580
1 4 -599608979
2 7
2 4
2 4
1 1 -406415706
2 7
1 1 -651580000
1 10 857946819
2 1
1 8 -302143813
2 4
1 3 -888597633
2 9
2 9
2 2
2 6
1 10 -839485689
1 5 -352410239
2 3
1 10 322321930
2 4
2 1
2 6
2 2
1 8 -343456863
1 4 914625545
1 5 812275093
2 9
1 8 -243665431
2 2
1 8 495364371
2 5
1 10 491693315
2 5
2 1
1 6 -541290153
1 2 -767782201
2 2
2 4
2 2
1 4 -254757064
2 2
1 9 731843707
2 3
2 1
2 3
2 2
1 4 -618928751
2 3
2 6
2 4
1 10 812418944
1 10 -616993206
1 1 134185853
1 2 -223547425
1 9 -798224641
2 5
2 3
2 2
1 9 481860975
2 6
1 1 -945679256
1 10 996590213
1 6 524216280
1 5 -709423824
1 5 -164515605
2 6
2 6
2 6
1 4 -623848388
2 6
2 4
1 2 519978739
2 3
2 1
2 1
2 2
2 2
1 5 63670624
2 1
2 6
1 1 828697329
2 2
1 2 -721737887
2 5
2 4
1 1 -509155647
2 5
2 9
2 2
1 10 -434122440
1 10 -177374350
2 6
2 7
2 1
1 4 797724910
1 2 -25061563
1 4 -470687492
1 2 -395162449
2 8
1 9 -536542793
1 4 948959730
1 6 -107649644
1 7 565894619
1 8 -940548845
2 4
1 8 -318407902
1 10 633166732
1 10 -849197394
1 1 875258942
2 7
2 7
1 4 -48858669
1 4 -275803607
2 8
1 1 -563202728
2 6
2 2
1 8 11992320
1 7 595716372
1 6 -190297283
1 6 929112335
1 10 501861247
2 2
2 7
2 9
2 2
2 7
1 9 866709888
1 8 756590208
1 9 -154725436
1 10 990746403
2 5
2 5
2 3
2 7
2 7
1 6 -657724785
2 7
1 2 -331488396
2 6
1 2 -755084403
2 2
1 5 -821249678
2 7
1 7 -697818930
2 2
2 3
1 5 432205037
2 5
2 8
2 9
2 2
1 4 -978796334
1 9 777478004
2 3
2 7
1 7 331574284
1 4 535539043
2 7
2 5
1 10 776663790
2 3
1 2 599292698
1 7 356584134
1 1 268146902
1 4 -237377711
1 8 483066833
1 6 -217808006
2 5
2 3
1 3 165889666
1 1 -488465613
2 1
2 8
1 3 124083228
2 4
1 6 282803686
2 7
2 5
2 2
2 4
2 6
2 9
2 2
2 5
1 7 781843758
2 2
2 3
1 6 506847561
2 1
1 7 -983151470
2 6
2 6
2 2
1 5 630339321
1 10 -810293587
2 6
2 1
2 6
2 1
2 2
2 4
1 3 62586423
1 10 -101729301
1 7 833384208
1 2 -409832010
1 10 35245339
2 6
2 6
2 4
2 8
2 9
1 5 802169335
1 2 -45226470
1 10 -41769904
1 8 275979884
1 1 572375507
2 4
1 4 -135110047
1 4 -206727023
2 5
1 8 833529551
2 1
1 8 -500182678
1 6 267311714
1 1 -970843600
1 6 -274605816
2 9
2 3
1 1 -652684212
2 8
2 7
1 3 477866021
1 8 543930076
2 7
2 6
1 1 -527177361
1 10 429784190
2 8
2 5
1 4 -554067928
1 5 -513926025
2 3
1 6 -186960288
2 5
2 6
2 6
1 6 718374158
2 6
1 4 -145379982
2 3
1 9 -908616851
2 8
2 7
2 4
1 8 416240958
1 1 -642747063
2 6
2 3
2 3
1 6 -975395602
2 4
2 3
2 9
1 5 -547606585
2 2
2 7
2 8
1 2 191553052
2 8
1 9 882612295
1 7 928047950
2 3
1 3 -158018704
1 4 -524201690
2 7
1 7 760757136
2 4
2 5
1 8 401176744
2 8
2 1
1 1 -602070236
1 8 -153414073
1 1 463605930
1 3 836113575
1 10 -778567528
2 3
2 8
1 1 201119708
1 9 -425863142
2 3
2 9
2 8
1 4 -299998061
1 2 -246181541
1 2 -203240291
2 2
2 5
1 9 96000174
1 6 -184436042
2 8
2 5
2 3
1 6 227009239
1 1 -864249348
2 8
2 8
1 2 -523128393
2 6
1 1 904093847
1 10 41884334
1 1 -85195394
1 5 -289911160
2 9
2 7
2 3
2 7
2 2
1 5 713755978
2 3
1 7 45290864
1 9 452751234
2 3
2 9
2 6
1 9 -988442823
2 9
1 3 367094613
1 7 -486355665
2 8
2 2
2 7
1 6 856395933
1 10 -352031349
2 6
2 8
2 1
1 3 -223109216
1 3 2687674
2 9
1 7 -700894275
1 7 362661873
1 1 -561627603
2 1
1 1 871141130
2 1
2 8
1 10 -395826913
1 2 290926871
1 10 27788782
2 5
1 3 -584970845
2 7
2 5
1 10 478784437
2 8
2 4
2 7
1 2 461357864
2 3
1 8 -788076043
2 4
2 2
2 8
1 5 -759756735
1 3 -986879408
2 6
1 5 -285384124
1 5 -357735221
1 5 -48710580
1 10 -578302309
1 5 541028021
1 4 112105921
2 1
1 8 222593594
1 4 238883502
2 5
2 1
1 7 -823031449
2 5
2 8
1 2 808550798
2 7
1 4 -643486913
2 5
2 6
1 10 865991691
2 3
1 6 850542343
1 9 -304206270
1 10 933742553
2 1
2 5
1 3 139055288
1 9 13663653
2 8
1 10 -202302273
2 6
1 9 -525494097
2 2
