1
200 200
848257 548275 417932 436836 948234 732229 447354 503483 688953 626855 999246 82856 682529 454423 653885 854803 508954 997008 749180 441248 792141 1008307 865428 224976 907204 182422 193145 152766 900410 795794 824620 781327 335395 666828 648710 529734 387715 660309 540971 1010002 231842 569264 857216 421287 395605 172235 215173 813529 644877 578834 349961 961472 454476 960882 163502 620556 723077 620865 1046574 1011441 355249 293491 961286 972225 733401 256602 648606 604328 382235 640192 401066 179065 835629 510169 133257 96459 125604 450088 688652 485000 906616 20947 690583 960040 1038108 78166 965093 886141 1036330 696906 996096 657166 352276 931457 689631 34135 393080 397560 24861 635688 862726 637445 382884 3622 143398 67912 592651 836760 152931 971196 405380 547329 644168 1985 218728 671400 1039560 948984 651721 929537 660156 511487 909956 642355 779868 829308 460744 391306 327837 126285 1021783 613083 868027 722019 250509 670599 84598 354458 261314 466650 594328 184358 501050 33316 356937 1047279 156540 48595 536919 179371 429119 944165 327371 638815 457168 183618 934626 1033878 865704 766037 952695 34599 554798 710473 270626 976499 196501 1017559 900491 495425 12515 648880 114572 288725 698048 310621 759333 59219 417541 296396 771135 827593 30853 727039 39292 586992 412161 836833 117218 701649 707785 423075 293760 168038 469635 266622 563622 601554 652620 302469
1 2
1 3
1 4
1 5
1 6
3 7
7 8
1 9
6 10
1 11
1 12
9 13
5 14
12 15
5 16
6 17
12 18
14 19
13 20
9 21
12 22
16 23
6 24
22 25
16 26
6 27
5 28
10 29
28 30
27 31
9 32
5 33
6 34
9 35
14 36
15 37
30 38
20 39
11 40
28 41
33 42
22 43
41 44
36 45
26 46
12 47
30 48
20 49
6 50
12 51
38 52
34 53
25 54
15 55
8 56
16 57
26 58
56 59
41 60
13 61
26 62
38 63
15 64
27 65
58 66
43 67
14 68
1 69
31 70
21 71
70 72
3 73
27 74
42 75
12 76
60 77
1 78
61 79
57 80
2 81
62 82
42 83
62 84
7 85
18 86
15 87
20 88
40 89
52 90
7 91
41 92
20 93
27 94
35 95
72 96
28 97
70 98
88 99
25 100
6 101
57 102
52 103
36 104
8 105
23 106
94 107
21 108
53 109
37 110
93 111
31 112
83 113
64 114
101 115
49 116
33 117
103 118
88 119
118 120
77 121
7 122
103 123
123 124
46 125
86 126
84 127
83 128
72 129
126 130
66 131
24 132
83 133
85 134
14 135
36 136
123 137
68 138
101 139
74 140
44 141
119 142
34 143
34 144
32 145
28 146
25 147
40 148
17 149
103 150
35 151
123 152
111 153
105 154
134 155
96 156
136 157
38 158
156 159
99 160
45 161
96 162
78 163
5 164
27 165
139 166
58 167
62 168
153 169
101 170
53 171
14 172
47 173
86 174
153 175
76 176
26 177
28 178
162 179
159 180
44 181
135 182
182 183
58 184
21 185
149 186
168 187
56 188
58 189
90 190
38 191
103 192
102 193
58 194
131 195
156 196
175 197
143 198
38 199
10 200
68 37
192 90
19 107
121 31
151 140
113 46
35 169
80 119
137 97
11 67
175 115
51 84
114 137
88 22
173 42
165 108
101 29
150 114
128 29
191 72
139 48
167 57
132 80
42 80
199 74
64 194
126 119
99 146
108 68
169 67
96 144
123 60
167 89
20 68
120 134
149 41
10 139
55 128
5 179
139 153
151 80
12 50
139 1
123 80
90 96
164 91
156 51
163 105
158 199
114 149
48 58
143 135
2 58
28 161
26 169
175 29
191 148
88 138
181 173
74 154
113 43
27 37
106 118
73 176
162 78
1 176
105 90
90 97
154 134
138 124
138 122
83 147
51 146
90 190
178 152
59 160
60 134
6 126
163 118
115 57
192 39
104 5
112 59
190 60
131 140
53 154
192 105
184 192
168 6
88 72
157 169
1 44
87 75
132 92
89 39
113 103
184 18
199 71
117 135
145 166
139 10
47 108
42 127
132 127
122 47
91 169
144 84
73 49
74 123
53 82
129 178
56 78
149 180
62 58
33 120
27 63
2 163
19 63
137 86
112 16
190 32
80 151
5 104
183 167
178 28
3 12
117 41
69 100
45 2
156 41
169 25
160 168
157 84
119 113
156 82
100 89
133 140
17 146
138 134
96 139
149 17
57 144
88 48
30 187
127 147
35 28
136 113
73 94
72 199
198 45
29 1
17 65
151 109
73 125
18 31
48 182
70 3
129 142
187 55
188 196
119 147
10 170
60 34
72 2
57 37
31 93
65 21
91 120
185 36
149 21
42 63
54 142
103 49
149 172
159 194
172 134
7 84
37 42
195 72
110 31
188 62
4 53
24 5
175 21
154 188
39 52
116 69
75 88
182 94
155 78
137 78
194 150
196 30
135 175
25 165
106 144
74 110
153 103
91 107
57 144
