1
200 200
22913 557554 718312 891640 627310 685611 115788 120213 888401 924915 157492 621011 983530 1012075 652080 19084 669328 230001 921154 155885 555232 328373 944931 708654 17260 259369 678123 749716 92178 432006 400520 686978 773242 533348 588116 1012784 676329 88724 1000751 776348 274458 202605 18351 102467 1033198 441757 101927 397106 109465 835460 543429 273504 277524 658328 242027 351651 236410 770445 11058 571470 979903 612578 940515 320330 778384 1017098 263247 740541 797549 132001 1024630 623654 208986 876073 307906 568159 492926 409939 656475 71644 631253 761377 868867 212333 186371 790282 406337 565625 325416 1003441 874434 932498 477481 35645 865422 364731 610311 307942 928223 1047992 607803 7507 919755 178874 861086 344930 795431 870046 12128 975772 770040 625939 445220 980834 254384 634549 729582 361819 928353 319426 400300 412804 95253 969023 82261 677029 591413 345149 393795 181207 632260 519 411840 123584 354814 236583 747301 585855 60411 9719 741827 816547 833854 1014009 787554 564800 327882 1009770 481858 857180 1020698 777664 502379 150575 999053 61746 941464 617629 432350 150192 106437 401228 331816 470569 970846 13320 876151 774265 920451 744045 467543 278790 487159 78335 155259 21961 116485 1018314 98111 997506 428828 751102 890600 727871 391452 432011 936804 962219 760497 805296 525270 106890 216570 177381 325560 894993 346641 22144 444199 183572
1 2
1 3
3 4
4 5
3 6
3 7
5 8
6 9
2 10
10 11
5 12
9 13
2 14
3 15
8 16
13 17
9 18
6 19
18 20
8 21
20 22
3 23
22 24
2 25
11 26
20 27
5 28
17 29
19 30
10 31
19 32
6 33
13 34
22 35
1 36
17 37
22 38
15 39
15 40
13 41
27 42
23 43
41 44
33 45
9 46
17 47
44 48
14 49
7 50
38 51
33 52
28 53
7 54
21 55
51 56
1 57
51 58
30 59
50 60
26 61
42 62
33 63
25 64
60 65
40 66
8 67
46 68
31 69
27 70
25 71
54 72
13 73
20 74
17 75
64 76
31 77
39 78
16 79
65 80
64 81
53 82
29 83
70 84
27 85
59 86
55 87
2 88
65 89
81 90
4 91
44 92
5 93
51 94
71 95
66 96
73 97
14 98
91 99
60 100
36 101
101 102
76 103
35 104
1 105
34 106
86 107
66 108
81 109
27 110
101 111
91 112
80 113
48 114
11 115
17 116
68 117
110 118
93 119
107 120
72 121
102 122
46 123
118 124
44 125
106 126
23 127
125 128
103 129
12 130
102 131
125 132
49 133
58 134
86 135
61 136
124 137
32 138
16 139
139 140
93 141
11 142
135 143
16 144
59 145
49 146
9 147
76 148
25 149
66 150
57 151
24 152
120 153
109 154
83 155
105 156
23 157
47 158
92 159
113 160
119 161
97 162
86 163
25 164
85 165
4 166
150 167
25 168
43 169
119 170
122 171
154 172
165 173
92 174
17 175
27 176
167 177
82 178
166 179
94 180
54 181
32 182
31 183
39 184
53 185
96 186
115 187
168 188
85 189
2 190
98 191
180 192
155 193
104 194
149 195
96 196
32 197
67 198
182 199
11 200
53 32
56 160
171 125
104 122
174 33
195 50
197 71
166 55
140 81
14 22
38 106
140 69
28 158
40 14
11 44
145 27
24 98
71 141
175 179
186 153
186 29
23 97
65 37
53 170
100 41
115 132
200 68
15 49
7 161
53 47
37 104
177 77
157 34
41 123
15 93
159 104
122 161
103 16
102 76
6 50
140 149
52 130
131 160
168 26
190 33
48 154
107 9
135 50
21 186
86 72
136 34
108 9
168 60
47 191
151 60
9 43
78 64
40 57
2 26
117 64
151 101
181 42
34 92
159 63
114 60
101 69
161 68
56 7
124 135
15 108
70 174
71 90
91 184
19 13
5 95
142 169
23 63
36 74
108 115
13 65
77 60
127 154
8 135
187 26
7 64
1 33
39 52
105 129
104 172
23 77
82 184
199 182
121 43
10 86
66 43
11 134
59 27
56 7
72 161
73 3
49 6
106 115
148 50
80 137
122 159
115 76
35 28
113 13
123 9
185 121
179 123
86 64
195 95
62 81
73 71
58 147
146 94
30 182
47 133
36 111
158 77
131 101
39 94
44 131
54 45
9 48
77 26
97 167
108 92
69 48
152 88
133 37
97 155
154 174
94 190
119 53
146 134
197 92
148 4
129 66
173 153
145 166
200 156
6 54
136 99
182 44
90 13
101 191
44 148
33 81
118 49
199 169
167 26
67 150
108 89
177 129
165 117
107 101
3 192
162 161
180 31
84 86
197 18
152 40
153 186
23 56
31 106
88 126
84 79
159 196
152 105
169 190
161 172
145 90
161 56
70 109
115 8
161 70
48 79
94 181
48 36
116 128
144 146
138 44
42 199
73 163
195 77
29 56
58 8
122 117
140 49
110 37
121 19
23 185
52 165
136 13
169 87
67 124
41 81
36 93
