1
4500 4500
0 208891 566299 2 609278 131072 64 841169 263944 476304 323004 0 402656 464013 952449 630426 620555 240103 131072 989871 262144 498891 0 112293 65536 4 256 64 1024 1 8 32 681352 0 512 8192 1 524288 436274 8 1036479 660940 2048 32768 0 893659 481065 525539 61731 796734 737365 41488 751809 128 916902 0 540127 4 9893 256 844299 2 224514 262144 827459 727051 0 524288 983835 943241 16384 262144 353377 534392 189103 789324 2048 0 128 354432 2048 349087 802493 1024 32 282313 550189 128 0 967617 192810 64 256 837258 786995 756545 151487 8 633074 0 16384 512 512 16384 131072 32768 988561 32768 1 1 0 16384 697073 8613 32 524288 31606 131072 16384 187878 4 0 256 606091 8192 519632 33052 697983 262144 8192 4 1032616 0 1024 573255 75026 524288 959400 994822 620560 131072 754414 16384 0 339195 8 703290 131072 720951 600248 16 791165 151794 708824 0 48159 490249 16384 262144 32768 863236 128 989053 137536 2048 0 4 402340 995456 578888 325216 128 2048 621064 16 414120 0 131072 1000589 256 131072 128 609558 720872 394568 215738 128 0 296463 494690 446161 2 412846 262144 8 512 4 967076 0 598758 4096 95013 32768 414188 58415 649511 137372 256 937408 0 513670 131072 2048 512 16 986496 396718 65536 152610 797953 0 964667 545378 2048 485035 579572 29319 538705 524288 4 144743 0 271321 16 854543 226206 16384 60719 512 937448 360 58587 0 293300 733920 214822 4 1006032 1024065 1028547 512 18305 335913 0 710379 318556 256 510390 65536 183261 524288 791200 65536 613121 0 27720 246033 4 885046 569796 2 256 288348 508825 2 0 32768 64 211333 171492 16384 54367 128 666794 4096 1024 0 8192 256 524288 65536 329530 4096 65536 717594 32 141415 0 68187 1 115594 64 531878 91628 390776 492144 131072 792592 0 231214 8 6242 4 8192 512 360408 562351 945047 673798 0 835886 8 930139 508389 46328 16 494624 305585 717675 8192 0 16 532542 4096 262144 685503 8 4 53066 209235 32 0 512 249167 209400 1024 512 451062 208297 2048 524288 823081 0 65536 512 822544 343570 886168 251467 4096 8 15199 32 0 749753 100082 828031 512 566558 171070 135772 4 65536 524288 0 512 1042159 262144 2048 512 642228 1 4096 512 703409 0 273754 345029 878498 512 4096 676239 16384 524288 32 468080 0 131072 56437 296008 879210 4096 956007 159280 2 134888 64 0 521632 8192 1026062 16384 2 1 654103 8192 849870 963589 0 74371 256 131072 713833 244281 2048 837501 16 138697 87754 0 262144 524288 2 8192 451983 293950 297525 16 64 256 0 1024 767305 671339 128 991518 514107 555858 893352 524288 8 0 746905 106651 755718 461748 225938 629209 32768 32 32768 349523 0 4 189065 32 666496 759294 886720 493532 127972 256 8192 0 877247 256 718190 359579 131072 131072 148308 59752 563797 512 0 16384 4096 131072 8 131072 512 668717 1 984150 512 0 128 512 2048 8192 1024 679423 256 824007 4096 256 0 512 46288 32 849310 274246 37668 823895 131072 74266 285995 0 605407 876742 216584 131072 827463 8192 512 16 16384 568703 0 119831 65536 8192 4 1017093 398395 252381 560326 131072 65536 0 256 516073 19538 360280 539595 943042 619921 2 28715 8 0 80345 4 340169 505594 32768 65536 748412 987537 256 4 0 970064 621828 4096 1 894613 643930 154891 262144 524288 16 0 65536 64 8 131072 175566 574815 8192 4 262144 32768 0 4 32032 766723 177243 1 628823 295029 4 546980 32768 0 640558 64 29413 774087 2048 691477 8 6589 1024 622297 0 1006046 205874 36644 65536 8192 450857 1038978 65536 807980 131072 0 568435 1 553975 2048 4096 64 4096 4 1024 4 0 359335 4096 4 35754 4096 642117 741293 262144 816632 791987 0 128 374142 4096 95280 64 256 1024 8 4 8 0 2048 847304 857124 128 217066 4096 727974 128 780308 256 0 31969 400787 524288 8 16384 4096 16384 927913 510012 28886 0 961424 520111 128 364908 8192 27748 537065 128 330241 64 0 262144 618698 420062 2 821011 701235 16 353496 2048 1 0 559230 134018 131072 65536 568138 581297 296053 16384 1024 423376 0 764176 275137 725559 127514 32768 1024 32768 144805 262144 32 0 512 625152 4096 859456 64 658047 913552 256 574921 131072 0 16384 298722 16 2048 383033 271247 16384 131072 830189 718886 0 1024 317769 721720 2 904846 128 524288 4096 8 703128 0 57757 360797 426058 34227 512 1006509 629589 2 847062 775829 0 65536 117540 360394 536987 2 143166 395449 550267 8 527327 0 483273 262144 2048 634049 2048 310032 512 502849 219408 470760 0 16384 1035461 1025238 245695 8 2 692515 694482 492579 4096 0 64 436131 123784 844723 128 87431 251440 151632 2 586607 0 919434 941248 256 2048 180649 510766 64 256 131072 926521 0 729597 714368 1024 1024 291867 512 64 645764 486389 978851 0 524288 262144 629465 2 257519 980173 595592 8 25834 16 0 32768 317877 206164 825821 8192 901432 183506 12917 1018714 131072 0 494327 128 889889 524288 8192 2 143438 1024 317403 1024 0 102595 860902 315833 864788 882619 262144 65536 32 638861 49303 0 358068 946130 645054 16037 1002718 995554 262144 16384 670515 131072 0 131072 544312 550480 4096 551909 131072 725781 128 2048 131072 0 142964 512 647685 1022737 809092 14842 1042201 699475 32768 356837 0 4 128 32768 420687 614835 228924 262144 524288 262144 189248 0 241066 722558 930950 32 866965 256 691732 16 16384 593818 0 1011825 978115 2048 128 301861 1024 391788 560889 239177 166269 0 681069 512 65536 151847 1024 8192 773131 815711 123945 891473 0 601221 16 19499 501681 1 535204 397064 412209 2 16384 0 4096 131072 520814 16384 213453 256 228131 333753 4096 16384 0 16384 262144 1037315 792688 256 131072 65536 244004 400672 8 0 415667 4096 584752 2048 796938 32768 128 128 2048 262144 0 262144 899283 256 495419 2 524288 702732 256 65536 256 0 250195 1013144 255619 535178 36333 848661 256 2 966446 16 0 32 131072 656787 675686 940620 256 742675 8192 816297 377035 0 32768 986244 451628 498095 524449 262144 784958 161267 4 955297 0 335995 131072 2048 2048 339827 911440 767653 44625 512 2 0 262144 1 38708 1 644124 65536 131072 262144 767223 841842 0 927700 512 64 995673 128 4096 135815 484923 247327 128 0 493468 494747 4 32 94469 168111 985641 748150 32 262144 0 208630 420033 945129 65536 465079 906650 16 16 742308 749517 0 146613 1006033 32 785169 1024 945874 2048 796402 1 64 0 64 896372 667913 63140 436813 8 131072 71339 571106 193503 0 168247 894805 797026 64 372255 70522 766975 832905 32 65536 0 214938 729634 128 128 4096 254853 977274 812027 200749 578324 0 347999 47496 32768 686958 64 262144 8 244101 4 16384 0 37539 262144 154885 262144 90727 524288 819584 534984 1029373 8192 0 484516 4096 673582 640225 301032 8192 4096 939334 131072 591681 0 357835 16384 520033 459188 995587 199276 1 991058 79043 66906 0 256 540197 614375 559659 73958 1008050 393925 724837 50968 645310 0 737108 16 314622 330522 16 753069 262144 111926 907261 524288 0 8192 297291 131072 4096 753052 596367 948288 594858 369436 239410 0 4 467898 255731 63155 421767 637260 883093 1024 64 485761 0 559875 97089 1024 1021551 997599 704623 2 894216 32 952321 0 2 262144 101036 164549 256 32 127853 410410 769025 256 0 997414 750041 36025 102405 32768 633261 4 1 321283 305673 0 1024 1002959 260326 131072 379083 8192 131072 21153 40911 493499 0 669775 2080 8 697530 561120 1 512 563711 64 4096 0 1024508 333632 4 393902 503769 4096 612941 1024 524288 767147 0 467441 19848 285244 712602 2048 1024 2 65536 4096 65536 0 4 184919 838899 38567 524288 8 64 927900 688454 313997 0 16384 4 1 960443 615388 8192 262144 181961 685447 716627 0 4096 925087 256 697796 560119 4 256 502819 512 256 0 4096 16384 160772 867006 2048 198155 2 983399 64 436349 0 524288 562911 693574 229386 806365 131072 696928 32 656540 972376 0 285011 142916 686528 64 515561 65536 345182 219409 102394 505664 0 64 741819 2 403092 32768 262144 98802 131072 256 574022 0 16 199628 245343 65536 949951 122602 88820 851304 108100 842351 0 32768 52388 64 491499 4096 298060 873564 16 583631 32768 0 8 131072 470272 981880 128 764076 817211 256 320774 1024 0 535339 417736 131072 32 447720 524255 2048 32768 900484 8 0 976947 798546 64 428181 4096 594441 2048 65536 870907 5350 0 796140 4096 493054 32 64 262144 262144 1008939 624431 894534 0 32 128 1024 65536 1 65536 42858 824666 816083 853788 0 131072 4096 924584 64 708444 32 427125 317206 411634 16 0 262144 284136 384296 545022 4096 890621 32768 16 620832 646367 0 262144 1024 65536 653497 8 1024 291484 785759 859187 171029 0 541015 8 779131 391032 979672 16384 2 8 523019 16 0 296012 512 4096 65536 2048 601034 230689 737260 1024 32 0 734224 8 149118 388869 176306 4 256 512 131072 256 0 593015 8192 1024 896948 64 256 8192 894993 8192 4096 0 16 4096 92761 4 128 4 817389 573542 1 4096 0 512 420895 655030 1003864 1 463293 524288 65536 903053 32 0 524288 168619 292036 4096 570101 640175 1024 4 163794 16384 0 65536 16384 59209 355750 771387 1 4096 610189 98372 972502 0 256 8 987504 65536 51476 16384 271485 16 1040035 735826 0 256 551393 949143 16 65536 229912 2048 949734 131072 1024 0 672369 126357 4 531526 884600 1024 2 754600 1 364368 0 617404 909585 32768 874251 791229 845006 313054 4 256 397485 0 195750 64 16 477178 262144 256 412375 1024 623059 262144 0 14744 100988 16 316721 1024 131072 437641 64 8192 4 0 1 65536 195956 815473 4 32768 840303 927200 65536 237906 0 512 371763 1033316 16 1024 653037 131072 366719 715380 32768 0 895903 954931 16 150766 256 264769 2048 370515 823070 780210 0 927559 252595 490064 591731 735893 131072 293586 67461 781837 1045598 0 16 32768 8192 32 210318 270586 8 68059 622375 64 0 866431 257182 2 802510 16 2 16 8 451467 334593 0 901346 630295 524288 1004208 720540 32768 524288 131072 131072 92167 0 593010 256 559045 725837 239465 105953 32768 294954 262144 464031 0 524288 916883 846296 65536 290688 815810 131072 524288 1013886 16384 0 32 463954 1046503 16 242676 16384 131072 913537 131072 533958 0 256 4 1018778 912063 4 4 893062 26247 150445 131072 0 65536 1 118423 2048 32 1024 214458 64 650008 8 0 435612 1026949 256 208241 8 512 64 16 777547 944616 0 419589 2 820490 26525 128 128 512 219826 998019 250145 0 576342 66918 131072 121925 2048 865666 686424 524288 523274 552066 0 32 65536 256 526334 2048 32 1024 8192 147794 256 0 189624 230432 524288 960990 485852 814345 60140 1 711676 64 0 543511 604837 2 696189 945533 206577 64 2048 23055 1005833 0 84258 131072 769176 670706 1003479 65536 93714 2048 101102 217432 0 4 604480 309908 316468 32768 64 971676 501228 435292 458667 0 2 203306 106883 4 65536 8192 4096 927291 358897 479970 0 1039177 8192 430930 131072 387625 638331 939843 359398 524288 128758 0 481625 256 191782 2 264137 762740 1 256 246918 787227 0 886247 2048 16 107341 247878 408902 28650 524288 128 8 0 616475 414231 1000669 1024 524288 2 65536 256 892923 1022049 0 512 4096 789793 32 668051 120531 614556 721854 747728 617817 0 512 1 64 65536 32 136335 128 64 938578 850849 0 131072 16 65536 343413 1 2 395261 691141 16 16384 0 8192 299233 128 2 8192 8 32 8982 136888 4 0 512 32 65536 762053 128 531920 16384 353440 8 65536 0 876446 524288 831394 1 999096 8192 1038411 2048 1 845993 0 128 558818 258698 131072 32 32768 128 620147 371286 523726 0 127110 131072 807816 890655 645059 213527 512 1040586 820426 128 0 256 682500 166845 1 262144 187354 464214 512 742105 986091 0 729346 753110 256 776167 919600 154664 87417 16 305724 4 0 497516 65536 559928 4096 256 8192 729111 213507 64 198204 0 552507 16 2 602346 362733 483433 8 16 1 16384 0 651368 147725 256 397320 4096 62658 800964 32 4 1046978 0 828608 256 8 279459 928746 997027 64 182600 712020 263132 0 32768 139110 177573 512 63026 524288 702999 524937 65536 905303 0 394457 746556 768114 64 639084 355774 8192 512 561075 60042 0 58579 647339 986989 11218 977460 18541 16384 32768 16 8192 0 496554 4 615749 262144 1016143 16384 117368 889658 84876 900863 0 908283 347481 907822 207735 857833 796984 4096 506959 8192 959428 0 401711 806548 378525 262144 566898 584492 128 638826 256 2 0 92773 102228 61961 464340 239117 524288 259232 607667 2 674083 0 4 115366 1024 524288 131072 65536 630879 410056 16384 506997 0 32768 128575 299798 813398 34407 1 794445 683048 131072 512 0 65536 188221 256014 524288 692086 4096 8 64 607059 131072 0 764217 97200 149411 638782 8 32 63016 699817 32768 128 0 635889 818414 898146 632217 372242 121152 514610 686034 724614 511808 0 90804 612833 41180 255534 62053 395056 355590 489819 32768 777455 0 800324 851199 65536 158498 963670 245232 262144 8192 39936 64 0 458050 65536 991605 150925 2 646943 2048 1 38310 197774 0 16384 647885 346076 262144 918646 64 4096 4096 262144 8 0 840946 660729 4 453497 524288 478784 16384 570015 205172 852132 0 262144 810715 521108 64 1024 1039049 64 369951 606115 441611 0 214588 1024 1 256 2048 199296 579978 64 238685 861025 0 213614 931934 131072 947239 944486 180139 65536 2048 950247 524288 0 524288 30487 2048 6139 2048 818702 162489 512 844836 574594 0 131072 16 1 32 569153 218179 4096 1 2 512893 0 793161 624274 8192 32768 682606 8 131072 32 455720 64 0 539552 849805 16 120237 734576 580682 8192 8192 4 512 0 4096 512 8 524288 76524 980223 785955 16 263904 128 0 606851 735924 32 825952 4 379137 2 597644 4096 4096 0 65536 239559 608716 524288 312866 752808 16 128 108129 2048 0 823597 65536 674275 772348 602990 245088 614432 1001459 816477 559821 0 1000229 16 131072 2 32 16 616317 7796 342135 524288 0 877392 88251 262144 323344 131072 65536 1031151 14356 262144 512 0 123326 844354 484835 9489 986091 131072 349936 370108 1035775 2 0 155702 1009801 568838 832553 323756 374261 16384 1034687 878602 322537 0 668410 16 297306 32 2 4 32768 768555 761358 527431 0 32768 86992 105407 323338 16 32768 721696 772572 743000 512 0 48000 2 2 31861 191175 106819 473662 64 32 4096 0 193632 262144 554807 658047 90575 64 262144 64 698146 512 0 674202 188922 504123 654078 128 256 158781 402977 2 524288 0 1024 787693 2 32768 512 16 312867 170647 2 814307 0 840079 8 16 634221 256148 218499 128 305967 1024 8192 0 322173 512 616619 2 4 933486 4096 337310 242620 1024 0 32 2 609098 262144 531050 8 56671 128 64 64 0 1 176104 16 598494 141605 873272 175643 49094 8192 32 0 438311 65536 497583 426328 32 4096 4096 1018471 757848 16384 0 307700 779168 65536 16384 128 605629 248123 568318 740378 139740 0 256 256 1024 8 332370 635505 8192 393353 371686 619970 0 965972 4096 8 948007 5055 454053 32768 409672 22752 2048 0 8 4 2048 131072 16 256 43847 24732 451649 128 0 46411 84381 65536 882695 424544 267575 137300 610221 64 344392 0 635663 32 960133 4 512 2048 16 1007542 763018 512 0 637198 64 361854 256000 791199 16384 841685 220119 8 1024 0 954798 611852 194634 1 512 787000 666108 64 512 274990 0 262144 356364 45432 829233 988187 524288 256 2 72774 577724 0 1024 128 799277 2 65536 511938 16384 120645 131072 349145 0 945124 612661 982268 925302 599426 821296 98121 8 4 1 0 32 811680 226278 8 220144 64 4 353725 32 2048 0 159812 11373 16384 33272 2 545311 775192 859126 65536 16 0 41016 998467 256 4096 1 1024 32 727939 56241 876948 0 8192 16384 210188 742961 16384 333540 680120 172303 1014411 412323 0 64 493516 964565 621620 386863 405901 209635 4 866291 4 0 565408 743721 644820 16384 32768 16 475672 262144 999539 742656 0 32768 1018835 131072 727933 16384 36078 1037785 524288 743559 256 0 397902 619098 317054 955088 262144 338880 726062 265121 256 8 0 262144 834667 290866 752925 121500 556089 1038048 888114 4 2048 0 529968 16384 65536 1024 1 1043365 128 266897 888580 769043 0 4 105038 524288 860918 2048 16384 787699 512 374150 653726 0 2048 8 128 281362 419419 433074 239742 13122 16 4 0 8 930287 1003652 930696 65536 625114 131072 524288 259530 360172 0 262144 8 2 853829 8192 824298 262144 128 307959 1024 0 16 540326 65536 488558 324761 962692 936575 512 131072 619912 0 929304 1 610312 1024 921178 172711 790842 863394 131072 233214 0 32 4 789957 314044 133488 32 612472 757673 758189 829580 0 157534 818054 59525 131072 524288 131072 866329 1 351532 65536 0 831510 64 460531 242633 1024 152704 889899 8192 880148 990999 0 436897 1 64 1020160 142157 419437 6380 16384 627309 354333 0 65536 106306 8 98735 578819 83435 903047 284831 399067 86032 0 946556 2048 469563 586208 952624 48089 170103 136629 740249 2048 0 640953 1009271 256 529968 792693 302797 4 849633 90542 4 0 64 556048 4 128 987631 16 4096 16 1009795 314921 0 131072 1024 413349 523099 518894 442922 711143 262144 583223 722903 0 404825 131600 904268 256 772871 65536 382861 32 64 256 0 183095 290629 32768 501826 262144 374582 564527 512 92589 16 0 128 806939 541649 696291 884679 16 1 538004 176999 684964 0 363505 1036659 1024 959392 262144 4 429520 65536 529299 274653 0 316195 142285 867184 183149 599873 780778 207146 755293 750320 134367 0 262144 32768 32 4096 262144 923950 411547 499512 32 8192 0 617145 271415 16384 262144 570573 8192 131072 64 844027 262144 0 16384 4096 8192 108969 524288 154948 131072 715263 817334 737701 0 131072 131072 131072 805891 16 16 73648 32 503368 587722 0 4096 244994 128 769421 900949 2048 1041127 4096 655780 1024 0 16384 468270 85291 10275 2 16 233848 26414 691121 605247 0 706745 524288 304361 1016690 613730 267504 709964 262144 1038464 65083 0 1024 32 834672 336993 778412 421255 154105 512 4096 4 0 698634 482925 520948 524288 405456 16 176404 341511 254505 2 0 729719 2048 526404 256 674917 547493 637465 16 1024 477598 0 65689 699869 8192 1018151 140851 4 1027665 121991 32 131072 0 16 460182 512 1024 434499 260533 695665 128 64 994410 0 227120 1048468 576866 512 1024 873543 1034070 524288 987827 546592 0 172121 192345 32768 16 256 1043304 4096 64 2048 360353 0 256 540555 125681 189143 753622 697627 2 128 32 346305 0 215781 125550 18263 90962 387152 334232 822711 870910 123373 2048 0 466527 262144 131072 664298 516274 589699 700753 330077 4096 8 0 820906 128 757604 4096 8192 128 99937 128 577772 560156 0 262144 32 222898 899909 166587 65536 128 561453 398328 512 0 817061 131072 950079 4096 1 4096 641773 29626 785315 512 0 2048 524288 524288 503475 870049 16 8 16 2 439872 0 847193 2 256 524288 524288 60618 521912 145822 65536 262144 0 8192 865623 284992 709271 1 32768 2 670348 524288 814237 0 2048 2 8192 524288 1 693068 459753 4455 1 660055 0 1 724380 186580 938326 124624 755022 931045 290940 398122 697963 0 578209 336131 806063 64 1 50450 269029 608968 8192 1 0 1007847 37290 429227 660383 64 672433 2048 2 843895 1027932 0 945118 1024 32768 1024 64 4096 925913 524288 48894 25407 0 257609 293177 1 895994 734424 1 256 289180 2048 26275 0 64 1018525 72025 779469 32 262144 1024 705837 32768 850887 0 32 561556 1 16384 491204 789850 262144 4096 103542 9037 0 495623 8192 750947 705097 534942 136733 643167 2 456087 65536 0 16 2048 4096 304696 376213 64 529736 646787 94811 512 0 190394 490776 128 756674 489098 4096 8 501650 32768 645786 0 784160 416822 60534 16 988530 262144 751240 875602 2048 348860 0 131072 65536 545047 256 262144 657440 1 256 2 8192 0 131072 317196 903198 54966 268717 914657 833181 32768 277287 512 0 2 1041108 168832 32 328431 524288 252425 1037267 4 556892 0 292508 67745 144587 452022 1038667 16 16 4 8 32 0 8 64 748934 482310 830667 713251 408385 8192 512 2048 0 374708 633747 2048 65536 409784 498748 598386 280643 205181 32768 0 449952 825583 166672 1 4096 939405 256589 158088 629677 2 0 1043045 382810 4096 1 966585 695047 2 93486 213588 4096 0 2048 1028589 927290 32 766403 244879 2048 1024 815994 442587 0 4096 2048 315183 672711 1024 225179 256 2048 4 288375 0 8192 4096 101416 701353 64 744942 68027 524404 256 1024 0 284694 131072 986499 385193 720137 734544 249005 342211 8192 16384 0 666454 8192 4483 2048 32 1018437 16 8 666496 285969 0 941901 645484 8 4096 64 1039703 8192 1 256 65536 0 82179 319919 611500 131072 32 256 2 525627 764351 94443 0 943118 940013 608930 402366 783654 1040440 131072 364932 565771 32 0 264627 2 636340 4 824874 16384 837794 4096 8192 16384 0 16 4 16 462893 2 74010 4 485090 525244 32 0 305050 1024 65536 1035921 403181 155310 16 524288 128 974702 0 920839 859039 372814 918389 32 32 657784 1020583 4096 101770 0 598249 284682 16384 262144 142528 395644 467985 868357 334541 678394 0 2048 1 778217 333745 326283 2 721591 1024 4 4096 0 750465 4096 708554 16 128 761682 810883 444506 108823 512 0 365644 871953 256 559291 16 524288 588814 512 65536 905824 0 630345 1009057 512 131072 524288 1 8192 128 495474 30324 0 1038519 287421 964259 16384 87610 75904 483521 16384 4096 497174 0 4 459771 790700 128 262144 1024 2 8 732658 910441 0 8 630945 315706 2048 606711 630814 41444 32 21721 294603 0 2048 213672 65721 609120 95584 647791 16 496494 65536 624 0 405242 4 128 118151 64 913847 865855 196770 270711 53511 0 234022 4 879353 65536 456367 923113 2048 262144 16384 256 0 191904 1 524288 65536 251671 658 934960 414769 63065 358226 0 608451 524288 131072 39752 763980 484830 706934 8192 64 1018779 0 5171 2048 131072 2048 182899 524288 8192 16 2048 2 0 1 64 924657 285783 32 221545 16 836963 798296 977350 0 424918 2048 754326 183151 8192 32 2048 8 636366 4 0 32 514258 128 65228 524288 11321 749575 548520 512 990714 0 4 2 262144 8192 508232 10289 4 32 2048 403352 0 8 8192 316323 1023898 587353 8192 64 8192 63308 14147 0 386215 815110 808207 128 989334 288799 1 2 16 740626 0 1024 524288 929713 151644 8 8 414258 695245 16384 449348 0 918733 131072 131072 683512 386770 512 951270 552069 32768 815513 0 2048 16 405816 947590 32 51111 764156 8 262144 609961 0 1003864 35020 490412 535213 57925 478223 524288 1036238 16 392110 0 749308 1024 52240 1 8 774057 2048 39415 16384 176152 0 15723 8192 89160 1024 4 371445 8 877177 32 904162 0 466187 219731 1026889 653470 900587 891548 496843 765032 64 488566 0 2 664904 198144 761506 401949 384055 4096 233535 446076 173624 0 186483 482336 32768 974276 64 16384 256 4 2048 665424 0 396381 820867 785714 262144 1021790 8 1044037 16 65536 135034 0 64 59908 32768 115301 956677 4096 706301 1024 309957 4 0 512 955637 57257 408809 4096 784518 117813 4096 27295 129325 0 291981 985189 16 32768 256 1023545 4096 131072 441995 16384 0 813407 933212 653257 86451 471191 8 429242 256 886570 548940 0 841879 65536 65536 644250 64 996014 426667 84625 523808 746646 0 524288 860097 248411 41101 1 157635 934080 24075 32 32 0 876859 128 1024 488590 524288 262144 2048 509997 131072 374649 0 671089 64 919050 390652 512 355552 4096 1024 997676 128 0 64 481163 131072 1024 92929 984882 828185 547733 549976 1024 0 935269 581789 4 524288 1024 275206 262144 463152 129781 16 0 16384 4096 677295 19394 2 2 358899 493373 988620 959338 0 1029535 47202 690403 4 2 798776 506714 453756 879432 830036 0 1 8 40376 32768 690464 771369 46171 131072 478318 356649 0 1 84586 403981 850778 131072 8192 131072 512 695448 811857 0 578094 131072 512 256 1043072 64 8 2048 262144 404535 0 370643 256 823171 662816 128 649306 2048 128 512 391357 0 128 849119 809771 582786 158588 32768 878193 256 393761 969975 0 767894 171871 410667 16384 89353 190331 781739 65536 808502 2048 0 247620 195874 166202 262144 8 424639 495927 4096 1 832430 0 658349 952406 4096 370221 8192 446748 175868 863693 32768 4 0 433904 65536 286398 16 387248 170555 32 1024 64 32 0 65536 512 131072 16384 262672 709899 863584 978579 203269 621910 0 146478 1032243 65536 1 24307 1024 22905 351368 256 2 0 544071 135043 592198 4096 841321 4096 2 655980 16384 412481 0 592226 105927 111658 302581 32 32 575259 256 1 817149 0 8192 756449 818443 756426 152147 262144 1024 96856 764775 968498 0 386954 394463 256 668954 131072 403980 128 1004796 2048 4096 0 20907 564034 406134 800841 524288 755832 128 74411 163786 226917 0 512 524288 64 230600 4 702723 4 111704 129628 103075 0 45587 127831 196740 970742 632577 16384 6930 211135 33419 32768 0 2 8 40553 1614 128 4096 8192 492901 326909 389976 0 834613 4096 520367 64 8 32768 211275 4 173824 1 0 262144 4096 16384 131072 512 131072 65536 131072 262144 2048 0 136210 128 768643 524288 469282 32 8192 4096 4 1048424 0 16384 283656 915602 16 356706 571861 520061 54685 1 572602 0 4 262144 159188 8 512 16384 809347 38452 2 162913 0 838772 16384 1026134 917023 757864 193560 271886 254286 8 524288 0 2048 853525 32768 813602 892793 149396 635532 16384 16384 632662 0 694783 144082 16384 512 16384 1 981845 989625 32768 896858 0 65536 615767 510189 50856 921249 765484 2048 524288 128 640919 0 524288 430515 697402 442740 1020307 32 408821 4 428457 112122 0 977285 196103 32 16384 4 512 65536 582845 201567 426932 0 2 669397 8192 16 1023613 782326 716996 32 347106 131072 0 256 77604 255666 397370 1004929 32 741027 762853 16384 32 0 4096 2 859432 64 64 670297 897764 344519 12523 32768 0 512 960765 140511 157168 277571 352844 814251 142501 3371 536925 0 516219 775990 128 826131 844272 893739 937764 4 212692 4 0 256 8192 524288 162268 4 645956 2 888213 708129 4 0 96001 4096 491852 4096 1024 728543 1024 193944 16 788128 0 131072 32768 155210 524288 1 743098 190535 242108 131072 2048 0 16 32768 16384 132958 618042 368513 2 1024 493607 1024 0 16 178259 16 32768 256716 732348 434427 32768 383796 224410 0
1 2
1 3
1 4
1 5
1 6
1 7
1 8
1 9
1 10
1 11
1 12
1 13
1 14
1 15
1 16
1 17
1 18
1 19
1 20
1 21
1 22
1 23
1 24
1 25
1 26
1 27
1 28
1 29
1 30
1 31
1 32
1 33
1 34
1 35
1 36
1 37
1 38
1 39
1 40
1 41
1 42
1 43
1 44
1 45
1 46
1 47
1 48
1 49
1 50
1 51
1 52
1 53
1 54
1 55
1 56
1 57
1 58
1 59
1 60
1 61
1 62
1 63
1 64
1 65
1 66
1 67
1 68
1 69
1 70
1 71
1 72
1 73
1 74
1 75
1 76
1 77
1 78
1 79
1 80
1 81
1 82
1 83
1 84
1 85
1 86
1 87
1 88
1 89
1 90
1 91
1 92
1 93
1 94
1 95
1 96
1 97
1 98
1 99
1 100
1 101
1 102
1 103
1 104
1 105
1 106
1 107
1 108
1 109
1 110
1 111
1 112
1 113
1 114
1 115
1 116
1 117
1 118
1 119
1 120
1 121
1 122
1 123
1 124
1 125
1 126
1 127
1 128
1 129
1 130
1 131
1 132
1 133
1 134
1 135
1 136
1 137
1 138
1 139
1 140
1 141
1 142
1 143
1 144
1 145
1 146
1 147
1 148
1 149
1 150
1 151
1 152
1 153
1 154
1 155
1 156
1 157
1 158
1 159
1 160
1 161
1 162
1 163
1 164
1 165
1 166
1 167
1 168
1 169
1 170
1 171
1 172
1 173
1 174
1 175
1 176
1 177
1 178
1 179
1 180
1 181
1 182
1 183
1 184
1 185
1 186
1 187
1 188
1 189
1 190
1 191
1 192
1 193
1 194
1 195
1 196
1 197
1 198
1 199
1 200
1 201
1 202
1 203
1 204
1 205
1 206
1 207
1 208
1 209
1 210
1 211
1 212
1 213
1 214
1 215
1 216
1 217
1 218
1 219
1 220
1 221
1 222
1 223
1 224
1 225
1 226
1 227
1 228
1 229
1 230
1 231
1 232
1 233
1 234
1 235
1 236
1 237
1 238
1 239
1 240
1 241
1 242
1 243
1 244
1 245
1 246
1 247
1 248
1 249
1 250
1 251
1 252
1 253
1 254
1 255
1 256
1 257
1 258
1 259
1 260
1 261
1 262
1 263
1 264
1 265
1 266
1 267
1 268
1 269
1 270
1 271
1 272
1 273
1 274
1 275
1 276
1 277
1 278
1 279
1 280
1 281
1 282
1 283
1 284
1 285
1 286
1 287
1 288
1 289
1 290
1 291
1 292
1 293
1 294
1 295
1 296
1 297
1 298
1 299
1 300
1 301
1 302
1 303
1 304
1 305
1 306
1 307
1 308
1 309
1 310
1 311
1 312
1 313
1 314
1 315
1 316
1 317
1 318
1 319
1 320
1 321
1 322
1 323
1 324
1 325
1 326
1 327
1 328
1 329
1 330
1 331
1 332
1 333
1 334
1 335
1 336
1 337
1 338
1 339
1 340
1 341
1 342
1 343
1 344
1 345
1 346
1 347
1 348
1 349
1 350
1 351
1 352
1 353
1 354
1 355
1 356
1 357
1 358
1 359
1 360
1 361
1 362
1 363
1 364
1 365
1 366
1 367
1 368
1 369
1 370
1 371
1 372
1 373
1 374
1 375
1 376
1 377
1 378
1 379
1 380
1 381
1 382
1 383
1 384
1 385
1 386
1 387
1 388
1 389
1 390
1 391
1 392
1 393
1 394
1 395
1 396
1 397
1 398
1 399
1 400
1 401
1 402
1 403
1 404
1 405
1 406
1 407
1 408
1 409
1 410
1 411
1 412
1 413
1 414
1 415
1 416
1 417
1 418
1 419
1 420
1 421
1 422
1 423
1 424
1 425
1 426
1 427
1 428
1 429
1 430
1 431
1 432
1 433
1 434
1 435
1 436
1 437
1 438
1 439
1 440
1 441
1 442
1 443
1 444
1 445
1 446
1 447
1 448
1 449
1 450
1 451
1 452
1 453
1 454
1 455
1 456
1 457
1 458
1 459
1 460
1 461
1 462
1 463
1 464
1 465
1 466
1 467
1 468
1 469
1 470
1 471
1 472
1 473
1 474
1 475
1 476
1 477
1 478
1 479
1 480
1 481
1 482
1 483
1 484
1 485
1 486
1 487
1 488
1 489
1 490
1 491
1 492
1 493
1 494
1 495
1 496
1 497
1 498
1 499
1 500
1 501
1 502
1 503
1 504
1 505
1 506
1 507
1 508
1 509
1 510
1 511
1 512
1 513
1 514
1 515
1 516
1 517
1 518
1 519
1 520
1 521
1 522
1 523
1 524
1 525
1 526
1 527
1 528
1 529
1 530
1 531
1 532
1 533
1 534
1 535
1 536
1 537
1 538
1 539
1 540
1 541
1 542
1 543
1 544
1 545
1 546
1 547
1 548
1 549
1 550
1 551
1 552
1 553
1 554
1 555
1 556
1 557
1 558
1 559
1 560
1 561
1 562
1 563
1 564
1 565
1 566
1 567
1 568
1 569
1 570
1 571
1 572
1 573
1 574
1 575
1 576
1 577
1 578
1 579
1 580
1 581
1 582
1 583
1 584
1 585
1 586
1 587
1 588
1 589
1 590
1 591
1 592
1 593
1 594
1 595
1 596
1 597
1 598
1 599
1 600
1 601
1 602
1 603
1 604
1 605
1 606
1 607
1 608
1 609
1 610
1 611
1 612
1 613
1 614
1 615
1 616
1 617
1 618
1 619
1 620
1 621
1 622
1 623
1 624
1 625
1 626
1 627
1 628
1 629
1 630
1 631
1 632
1 633
1 634
1 635
1 636
1 637
1 638
1 639
1 640
1 641
1 642
1 643
1 644
1 645
1 646
1 647
1 648
1 649
1 650
1 651
1 652
1 653
1 654
1 655
1 656
1 657
1 658
1 659
1 660
1 661
1 662
1 663
1 664
1 665
1 666
1 667
1 668
1 669
1 670
1 671
1 672
1 673
1 674
1 675
1 676
1 677
1 678
1 679
1 680
1 681
1 682
1 683
1 684
1 685
1 686
1 687
1 688
1 689
1 690
1 691
1 692
1 693
1 694
1 695
1 696
1 697
1 698
1 699
1 700
1 701
1 702
1 703
1 704
1 705
1 706
1 707
1 708
1 709
1 710
1 711
1 712
1 713
1 714
1 715
1 716
1 717
1 718
1 719
1 720
1 721
1 722
1 723
1 724
1 725
1 726
1 727
1 728
1 729
1 730
1 731
1 732
1 733
1 734
1 735
1 736
1 737
1 738
1 739
1 740
1 741
1 742
1 743
1 744
1 745
1 746
1 747
1 748
1 749
1 750
1 751
1 752
1 753
1 754
1 755
1 756
1 757
1 758
1 759
1 760
1 761
1 762
1 763
1 764
1 765
1 766
1 767
1 768
1 769
1 770
1 771
1 772
1 773
1 774
1 775
1 776
1 777
1 778
1 779
1 780
1 781
1 782
1 783
1 784
1 785
1 786
1 787
1 788
1 789
1 790
1 791
1 792
1 793
1 794
1 795
1 796
1 797
1 798
1 799
1 800
1 801
1 802
1 803
1 804
1 805
1 806
1 807
1 808
1 809
1 810
1 811
1 812
1 813
1 814
1 815
1 816
1 817
1 818
1 819
1 820
1 821
1 822
1 823
1 824
1 825
1 826
1 827
1 828
1 829
1 830
1 831
1 832
1 833
1 834
1 835
1 836
1 837
1 838
1 839
1 840
1 841
1 842
1 843
1 844
1 845
1 846
1 847
1 848
1 849
1 850
1 851
1 852
1 853
1 854
1 855
1 856
1 857
1 858
1 859
1 860
1 861
1 862
1 863
1 864
1 865
1 866
1 867
1 868
1 869
1 870
1 871
1 872
1 873
1 874
1 875
1 876
1 877
1 878
1 879
1 880
1 881
1 882
1 883
1 884
1 885
1 886
1 887
1 888
1 889
1 890
1 891
1 892
1 893
1 894
1 895
1 896
1 897
1 898
1 899
1 900
1 901
1 902
1 903
1 904
1 905
1 906
1 907
1 908
1 909
1 910
1 911
1 912
1 913
1 914
1 915
1 916
1 917
1 918
1 919
1 920
1 921
1 922
1 923
1 924
1 925
1 926
1 927
1 928
1 929
1 930
1 931
1 932
1 933
1 934
1 935
1 936
1 937
1 938
1 939
1 940
1 941
1 942
1 943
1 944
1 945
1 946
1 947
1 948
1 949
1 950
1 951
1 952
1 953
1 954
1 955
1 956
1 957
1 958
1 959
1 960
1 961
1 962
1 963
1 964
1 965
1 966
1 967
1 968
1 969
1 970
1 971
1 972
1 973
1 974
1 975
1 976
1 977
1 978
1 979
1 980
1 981
1 982
1 983
1 984
1 985
1 986
1 987
1 988
1 989
1 990
1 991
1 992
1 993
1 994
1 995
1 996
1 997
1 998
1 999
1 1000
1 1001
1 1002
1 1003
1 1004
1 1005
1 1006
1 1007
1 1008
1 1009
1 1010
1 1011
1 1012
1 1013
1 1014
1 1015
1 1016
1 1017
1 1018
1 1019
1 1020
1 1021
1 1022
1 1023
1 1024
1 1025
1 1026
1 1027
1 1028
1 1029
1 1030
1 1031
1 1032
1 1033
1 1034
1 1035
1 1036
1 1037
1 1038
1 1039
1 1040
1 1041
1 1042
1 1043
1 1044
1 1045
1 1046
1 1047
1 1048
1 1049
1 1050
1 1051
1 1052
1 1053
1 1054
1 1055
1 1056
1 1057
1 1058
1 1059
1 1060
1 1061
1 1062
1 1063
1 1064
1 1065
1 1066
1 1067
1 1068
1 1069
1 1070
1 1071
1 1072
1 1073
1 1074
1 1075
1 1076
1 1077
1 1078
1 1079
1 1080
1 1081
1 1082
1 1083
1 1084
1 1085
1 1086
1 1087
1 1088
1 1089
1 1090
1 1091
1 1092
1 1093
1 1094
1 1095
1 1096
1 1097
1 1098
1 1099
1 1100
1 1101
1 1102
1 1103
1 1104
1 1105
1 1106
1 1107
1 1108
1 1109
1 1110
1 1111
1 1112
1 1113
1 1114
1 1115
1 1116
1 1117
1 1118
1 1119
1 1120
1 1121
1 1122
1 1123
1 1124
1 1125
1 1126
1 1127
1 1128
1 1129
1 1130
1 1131
1 1132
1 1133
1 1134
1 1135
1 1136
1 1137
1 1138
1 1139
1 1140
1 1141
1 1142
1 1143
1 1144
1 1145
1 1146
1 1147
1 1148
1 1149
1 1150
1 1151
1 1152
1 1153
1 1154
1 1155
1 1156
1 1157
1 1158
1 1159
1 1160
1 1161
1 1162
1 1163
1 1164
1 1165
1 1166
1 1167
1 1168
1 1169
1 1170
1 1171
1 1172
1 1173
1 1174
1 1175
1 1176
1 1177
1 1178
1 1179
1 1180
1 1181
1 1182
1 1183
1 1184
1 1185
1 1186
1 1187
1 1188
1 1189
1 1190
1 1191
1 1192
1 1193
1 1194
1 1195
1 1196
1 1197
1 1198
1 1199
1 1200
1 1201
1 1202
1 1203
1 1204
1 1205
1 1206
1 1207
1 1208
1 1209
1 1210
1 1211
1 1212
1 1213
1 1214
1 1215
1 1216
1 1217
1 1218
1 1219
1 1220
1 1221
1 1222
1 1223
1 1224
1 1225
1 1226
1 1227
1 1228
1 1229
1 1230
1 1231
1 1232
1 1233
1 1234
1 1235
1 1236
1 1237
1 1238
1 1239
1 1240
1 1241
1 1242
1 1243
1 1244
1 1245
1 1246
1 1247
1 1248
1 1249
1 1250
1 1251
1 1252
1 1253
1 1254
1 1255
1 1256
1 1257
1 1258
1 1259
1 1260
1 1261
1 1262
1 1263
1 1264
1 1265
1 1266
1 1267
1 1268
1 1269
1 1270
1 1271
1 1272
1 1273
1 1274
1 1275
1 1276
1 1277
1 1278
1 1279
1 1280
1 1281
1 1282
1 1283
1 1284
1 1285
1 1286
1 1287
1 1288
1 1289
1 1290
1 1291
1 1292
1 1293
1 1294
1 1295
1 1296
1 1297
1 1298
1 1299
1 1300
1 1301
1 1302
1 1303
1 1304
1 1305
1 1306
1 1307
1 1308
1 1309
1 1310
1 1311
1 1312
1 1313
1 1314
1 1315
1 1316
1 1317
1 1318
1 1319
1 1320
1 1321
1 1322
1 1323
1 1324
1 1325
1 1326
1 1327
1 1328
1 1329
1 1330
1 1331
1 1332
1 1333
1 1334
1 1335
1 1336
1 1337
1 1338
1 1339
1 1340
1 1341
1 1342
1 1343
1 1344
1 1345
1 1346
1 1347
1 1348
1 1349
1 1350
1 1351
1 1352
1 1353
1 1354
1 1355
1 1356
1 1357
1 1358
1 1359
1 1360
1 1361
1 1362
1 1363
1 1364
1 1365
1 1366
1 1367
1 1368
1 1369
1 1370
1 1371
1 1372
1 1373
1 1374
1 1375
1 1376
1 1377
1 1378
1 1379
1 1380
1 1381
1 1382
1 1383
1 1384
1 1385
1 1386
1 1387
1 1388
1 1389
1 1390
1 1391
1 1392
1 1393
1 1394
1 1395
1 1396
1 1397
1 1398
1 1399
1 1400
1 1401
1 1402
1 1403
1 1404
1 1405
1 1406
1 1407
1 1408
1 1409
1 1410
1 1411
1 1412
1 1413
1 1414
1 1415
1 1416
1 1417
1 1418
1 1419
1 1420
1 1421
1 1422
1 1423
1 1424
1 1425
1 1426
1 1427
1 1428
1 1429
1 1430
1 1431
1 1432
1 1433
1 1434
1 1435
1 1436
1 1437
1 1438
1 1439
1 1440
1 1441
1 1442
1 1443
1 1444
1 1445
1 1446
1 1447
1 1448
1 1449
1 1450
1 1451
1 1452
1 1453
1 1454
1 1455
1 1456
1 1457
1 1458
1 1459
1 1460
1 1461
1 1462
1 1463
1 1464
1 1465
1 1466
1 1467
1 1468
1 1469
1 1470
1 1471
1 1472
1 1473
1 1474
1 1475
1 1476
1 1477
1 1478
1 1479
1 1480
1 1481
1 1482
1 1483
1 1484
1 1485
1 1486
1 1487
1 1488
1 1489
1 1490
1 1491
1 1492
1 1493
1 1494
1 1495
1 1496
1 1497
1 1498
1 1499
1 1500
1 1501
1 1502
1 1503
1 1504
1 1505
1 1506
1 1507
1 1508
1 1509
1 1510
1 1511
1 1512
1 1513
1 1514
1 1515
1 1516
1 1517
1 1518
1 1519
1 1520
1 1521
1 1522
1 1523
1 1524
1 1525
1 1526
1 1527
1 1528
1 1529
1 1530
1 1531
1 1532
1 1533
1 1534
1 1535
1 1536
1 1537
1 1538
1 1539
1 1540
1 1541
1 1542
1 1543
1 1544
1 1545
1 1546
1 1547
1 1548
1 1549
1 1550
1 1551
1 1552
1 1553
1 1554
1 1555
1 1556
1 1557
1 1558
1 1559
1 1560
1 1561
1 1562
1 1563
1 1564
1 1565
1 1566
1 1567
1 1568
1 1569
1 1570
1 1571
1 1572
1 1573
1 1574
1 1575
1 1576
1 1577
1 1578
1 1579
1 1580
1 1581
1 1582
1 1583
1 1584
1 1585
1 1586
1 1587
1 1588
1 1589
1 1590
1 1591
1 1592
1 1593
1 1594
1 1595
1 1596
1 1597
1 1598
1 1599
1 1600
1 1601
1 1602
1 1603
1 1604
1 1605
1 1606
1 1607
1 1608
1 1609
1 1610
1 1611
1 1612
1 1613
1 1614
1 1615
1 1616
1 1617
1 1618
1 1619
1 1620
1 1621
1 1622
1 1623
1 1624
1 1625
1 1626
1 1627
1 1628
1 1629
1 1630
1 1631
1 1632
1 1633
1 1634
1 1635
1 1636
1 1637
1 1638
1 1639
1 1640
1 1641
1 1642
1 1643
1 1644
1 1645
1 1646
1 1647
1 1648
1 1649
1 1650
1 1651
1 1652
1 1653
1 1654
1 1655
1 1656
1 1657
1 1658
1 1659
1 1660
1 1661
1 1662
1 1663
1 1664
1 1665
1 1666
1 1667
1 1668
1 1669
1 1670
1 1671
1 1672
1 1673
1 1674
1 1675
1 1676
1 1677
1 1678
1 1679
1 1680
1 1681
1 1682
1 1683
1 1684
1 1685
1 1686
1 1687
1 1688
1 1689
1 1690
1 1691
1 1692
1 1693
1 1694
1 1695
1 1696
1 1697
1 1698
1 1699
1 1700
1 1701
1 1702
1 1703
1 1704
1 1705
1 1706
1 1707
1 1708
1 1709
1 1710
1 1711
1 1712
1 1713
1 1714
1 1715
1 1716
1 1717
1 1718
1 1719
1 1720
1 1721
1 1722
1 1723
1 1724
1 1725
1 1726
1 1727
1 1728
1 1729
1 1730
1 1731
1 1732
1 1733
1 1734
1 1735
1 1736
1 1737
1 1738
1 1739
1 1740
1 1741
1 1742
1 1743
1 1744
1 1745
1 1746
1 1747
1 1748
1 1749
1 1750
1 1751
1 1752
1 1753
1 1754
1 1755
1 1756
1 1757
1 1758
1 1759
1 1760
1 1761
1 1762
1 1763
1 1764
1 1765
1 1766
1 1767
1 1768
1 1769
1 1770
1 1771
1 1772
1 1773
1 1774
1 1775
1 1776
1 1777
1 1778
1 1779
1 1780
1 1781
1 1782
1 1783
1 1784
1 1785
1 1786
1 1787
1 1788
1 1789
1 1790
1 1791
1 1792
1 1793
1 1794
1 1795
1 1796
1 1797
1 1798
1 1799
1 1800
1 1801
1 1802
1 1803
1 1804
1 1805
1 1806
1 1807
1 1808
1 1809
1 1810
1 1811
1 1812
1 1813
1 1814
1 1815
1 1816
1 1817
1 1818
1 1819
1 1820
1 1821
1 1822
1 1823
1 1824
1 1825
1 1826
1 1827
1 1828
1 1829
1 1830
1 1831
1 1832
1 1833
1 1834
1 1835
1 1836
1 1837
1 1838
1 1839
1 1840
1 1841
1 1842
1 1843
1 1844
1 1845
1 1846
1 1847
1 1848
1 1849
1 1850
1 1851
1 1852
1 1853
1 1854
1 1855
1 1856
1 1857
1 1858
1 1859
1 1860
1 1861
1 1862
1 1863
1 1864
1 1865
1 1866
1 1867
1 1868
1 1869
1 1870
1 1871
1 1872
1 1873
1 1874
1 1875
1 1876
1 1877
1 1878
1 1879
1 1880
1 1881
1 1882
1 1883
1 1884
1 1885
1 1886
1 1887
1 1888
1 1889
1 1890
1 1891
1 1892
1 1893
1 1894
1 1895
1 1896
1 1897
1 1898
1 1899
1 1900
1 1901
1 1902
1 1903
1 1904
1 1905
1 1906
1 1907
1 1908
1 1909
1 1910
1 1911
1 1912
1 1913
1 1914
1 1915
1 1916
1 1917
1 1918
1 1919
1 1920
1 1921
1 1922
1 1923
1 1924
1 1925
1 1926
1 1927
1 1928
1 1929
1 1930
1 1931
1 1932
1 1933
1 1934
1 1935
1 1936
1 1937
1 1938
1 1939
1 1940
1 1941
1 1942
1 1943
1 1944
1 1945
1 1946
1 1947
1 1948
1 1949
1 1950
1 1951
1 1952
1 1953
1 1954
1 1955
1 1956
1 1957
1 1958
1 1959
1 1960
1 1961
1 1962
1 1963
1 1964
1 1965
1 1966
1 1967
1 1968
1 1969
1 1970
1 1971
1 1972
1 1973
1 1974
1 1975
1 1976
1 1977
1 1978
1 1979
1 1980
1 1981
1 1982
1 1983
1 1984
1 1985
1 1986
1 1987
1 1988
1 1989
1 1990
1 1991
1 1992
1 1993
1 1994
1 1995
1 1996
1 1997
1 1998
1 1999
1 2000
1 2001
1 2002
1 2003
1 2004
1 2005
1 2006
1 2007
1 2008
1 2009
1 2010
1 2011
1 2012
1 2013
1 2014
1 2015
1 2016
1 2017
1 2018
1 2019
1 2020
1 2021
1 2022
1 2023
1 2024
1 2025
1 2026
1 2027
1 2028
1 2029
1 2030
1 2031
1 2032
1 2033
1 2034
1 2035
1 2036
1 2037
1 2038
1 2039
1 2040
1 2041
1 2042
1 2043
1 2044
1 2045
1 2046
1 2047
1 2048
1 2049
1 2050
1 2051
1 2052
1 2053
1 2054
1 2055
1 2056
1 2057
1 2058
1 2059
1 2060
1 2061
1 2062
1 2063
1 2064
1 2065
1 2066
1 2067
1 2068
1 2069
1 2070
1 2071
1 2072
1 2073
1 2074
1 2075
1 2076
1 2077
1 2078
1 2079
1 2080
1 2081
1 2082
1 2083
1 2084
1 2085
1 2086
1 2087
1 2088
1 2089
1 2090
1 2091
1 2092
1 2093
1 2094
1 2095
1 2096
1 2097
1 2098
1 2099
1 2100
1 2101
1 2102
1 2103
1 2104
1 2105
1 2106
1 2107
1 2108
1 2109
1 2110
1 2111
1 2112
1 2113
1 2114
1 2115
1 2116
1 2117
1 2118
1 2119
1 2120
1 2121
1 2122
1 2123
1 2124
1 2125
1 2126
1 2127
1 2128
1 2129
1 2130
1 2131
1 2132
1 2133
1 2134
1 2135
1 2136
1 2137
1 2138
1 2139
1 2140
1 2141
1 2142
1 2143
1 2144
1 2145
1 2146
1 2147
1 2148
1 2149
1 2150
1 2151
1 2152
1 2153
1 2154
1 2155
1 2156
1 2157
1 2158
1 2159
1 2160
1 2161
1 2162
1 2163
1 2164
1 2165
1 2166
1 2167
1 2168
1 2169
1 2170
1 2171
1 2172
1 2173
1 2174
1 2175
1 2176
1 2177
1 2178
1 2179
1 2180
1 2181
1 2182
1 2183
1 2184
1 2185
1 2186
1 2187
1 2188
1 2189
1 2190
1 2191
1 2192
1 2193
1 2194
1 2195
1 2196
1 2197
1 2198
1 2199
1 2200
1 2201
1 2202
1 2203
1 2204
1 2205
1 2206
1 2207
1 2208
1 2209
1 2210
1 2211
1 2212
1 2213
1 2214
1 2215
1 2216
1 2217
1 2218
1 2219
1 2220
1 2221
1 2222
1 2223
1 2224
1 2225
1 2226
1 2227
1 2228
1 2229
1 2230
1 2231
1 2232
1 2233
1 2234
1 2235
1 2236
1 2237
1 2238
1 2239
1 2240
1 2241
1 2242
1 2243
1 2244
1 2245
1 2246
1 2247
1 2248
1 2249
1 2250
1 2251
1 2252
1 2253
1 2254
1 2255
1 2256
1 2257
1 2258
1 2259
1 2260
1 2261
1 2262
1 2263
1 2264
1 2265
1 2266
1 2267
1 2268
1 2269
1 2270
1 2271
1 2272
1 2273
1 2274
1 2275
1 2276
1 2277
1 2278
1 2279
1 2280
1 2281
1 2282
1 2283
1 2284
1 2285
1 2286
1 2287
1 2288
1 2289
1 2290
1 2291
1 2292
1 2293
1 2294
1 2295
1 2296
1 2297
1 2298
1 2299
1 2300
1 2301
1 2302
1 2303
1 2304
1 2305
1 2306
1 2307
1 2308
1 2309
1 2310
1 2311
1 2312
1 2313
1 2314
1 2315
1 2316
1 2317
1 2318
1 2319
1 2320
1 2321
1 2322
1 2323
1 2324
1 2325
1 2326
1 2327
1 2328
1 2329
1 2330
1 2331
1 2332
1 2333
1 2334
1 2335
1 2336
1 2337
1 2338
1 2339
1 2340
1 2341
1 2342
1 2343
1 2344
1 2345
1 2346
1 2347
1 2348
1 2349
1 2350
1 2351
1 2352
1 2353
1 2354
1 2355
1 2356
1 2357
1 2358
1 2359
1 2360
1 2361
1 2362
1 2363
1 2364
1 2365
1 2366
1 2367
1 2368
1 2369
1 2370
1 2371
1 2372
1 2373
1 2374
1 2375
1 2376
1 2377
1 2378
1 2379
1 2380
1 2381
1 2382
1 2383
1 2384
1 2385
1 2386
1 2387
1 2388
1 2389
1 2390
1 2391
1 2392
1 2393
1 2394
1 2395
1 2396
1 2397
1 2398
1 2399
1 2400
1 2401
1 2402
1 2403
1 2404
1 2405
1 2406
1 2407
1 2408
1 2409
1 2410
1 2411
1 2412
1 2413
1 2414
1 2415
1 2416
1 2417
1 2418
1 2419
1 2420
1 2421
1 2422
1 2423
1 2424
1 2425
1 2426
1 2427
1 2428
1 2429
1 2430
1 2431
1 2432
1 2433
1 2434
1 2435
1 2436
1 2437
1 2438
1 2439
1 2440
1 2441
1 2442
1 2443
1 2444
1 2445
1 2446
1 2447
1 2448
1 2449
1 2450
1 2451
1 2452
1 2453
1 2454
1 2455
1 2456
1 2457
1 2458
1 2459
1 2460
1 2461
1 2462
1 2463
1 2464
1 2465
1 2466
1 2467
1 2468
1 2469
1 2470
1 2471
1 2472
1 2473
1 2474
1 2475
1 2476
1 2477
1 2478
1 2479
1 2480
1 2481
1 2482
1 2483
1 2484
1 2485
1 2486
1 2487
1 2488
1 2489
1 2490
1 2491
1 2492
1 2493
1 2494
1 2495
1 2496
1 2497
1 2498
1 2499
1 2500
1 2501
1 2502
1 2503
1 2504
1 2505
1 2506
1 2507
1 2508
1 2509
1 2510
1 2511
1 2512
1 2513
1 2514
1 2515
1 2516
1 2517
1 2518
1 2519
1 2520
1 2521
1 2522
1 2523
1 2524
1 2525
1 2526
1 2527
1 2528
1 2529
1 2530
1 2531
1 2532
1 2533
1 2534
1 2535
1 2536
1 2537
1 2538
1 2539
1 2540
1 2541
1 2542
1 2543
1 2544
1 2545
1 2546
1 2547
1 2548
1 2549
1 2550
1 2551
1 2552
1 2553
1 2554
1 2555
1 2556
1 2557
1 2558
1 2559
1 2560
1 2561
1 2562
1 2563
1 2564
1 2565
1 2566
1 2567
1 2568
1 2569
1 2570
1 2571
1 2572
1 2573
1 2574
1 2575
1 2576
1 2577
1 2578
1 2579
1 2580
1 2581
1 2582
1 2583
1 2584
1 2585
1 2586
1 2587
1 2588
1 2589
1 2590
1 2591
1 2592
1 2593
1 2594
1 2595
1 2596
1 2597
1 2598
1 2599
1 2600
1 2601
1 2602
1 2603
1 2604
1 2605
1 2606
1 2607
1 2608
1 2609
1 2610
1 2611
1 2612
1 2613
1 2614
1 2615
1 2616
1 2617
1 2618
1 2619
1 2620
1 2621
1 2622
1 2623
1 2624
1 2625
1 2626
1 2627
1 2628
1 2629
1 2630
1 2631
1 2632
1 2633
1 2634
1 2635
1 2636
1 2637
1 2638
1 2639
1 2640
1 2641
1 2642
1 2643
1 2644
1 2645
1 2646
1 2647
1 2648
1 2649
1 2650
1 2651
1 2652
1 2653
1 2654
1 2655
1 2656
1 2657
1 2658
1 2659
1 2660
1 2661
1 2662
1 2663
1 2664
1 2665
1 2666
1 2667
1 2668
1 2669
1 2670
1 2671
1 2672
1 2673
1 2674
1 2675
1 2676
1 2677
1 2678
1 2679
1 2680
1 2681
1 2682
1 2683
1 2684
1 2685
1 2686
1 2687
1 2688
1 2689
1 2690
1 2691
1 2692
1 2693
1 2694
1 2695
1 2696
1 2697
1 2698
1 2699
1 2700
1 2701
1 2702
1 2703
1 2704
1 2705
1 2706
1 2707
1 2708
1 2709
1 2710
1 2711
1 2712
1 2713
1 2714
1 2715
1 2716
1 2717
1 2718
1 2719
1 2720
1 2721
1 2722
1 2723
1 2724
1 2725
1 2726
1 2727
1 2728
1 2729
1 2730
1 2731
1 2732
1 2733
1 2734
1 2735
1 2736
1 2737
1 2738
1 2739
1 2740
1 2741
1 2742
1 2743
1 2744
1 2745
1 2746
1 2747
1 2748
1 2749
1 2750
1 2751
1 2752
1 2753
1 2754
1 2755
1 2756
1 2757
1 2758
1 2759
1 2760
1 2761
1 2762
1 2763
1 2764
1 2765
1 2766
1 2767
1 2768
1 2769
1 2770
1 2771
1 2772
1 2773
1 2774
1 2775
1 2776
1 2777
1 2778
1 2779
1 2780
1 2781
1 2782
1 2783
1 2784
1 2785
1 2786
1 2787
1 2788
1 2789
1 2790
1 2791
1 2792
1 2793
1 2794
1 2795
1 2796
1 2797
1 2798
1 2799
1 2800
1 2801
1 2802
1 2803
1 2804
1 2805
1 2806
1 2807
1 2808
1 2809
1 2810
1 2811
1 2812
1 2813
1 2814
1 2815
1 2816
1 2817
1 2818
1 2819
1 2820
1 2821
1 2822
1 2823
1 2824
1 2825
1 2826
1 2827
1 2828
1 2829
1 2830
1 2831
1 2832
1 2833
1 2834
1 2835
1 2836
1 2837
1 2838
1 2839
1 2840
1 2841
1 2842
1 2843
1 2844
1 2845
1 2846
1 2847
1 2848
1 2849
1 2850
1 2851
1 2852
1 2853
1 2854
1 2855
1 2856
1 2857
1 2858
1 2859
1 2860
1 2861
1 2862
1 2863
1 2864
1 2865
1 2866
1 2867
1 2868
1 2869
1 2870
1 2871
1 2872
1 2873
1 2874
1 2875
1 2876
1 2877
1 2878
1 2879
1 2880
1 2881
1 2882
1 2883
1 2884
1 2885
1 2886
1 2887
1 2888
1 2889
1 2890
1 2891
1 2892
1 2893
1 2894
1 2895
1 2896
1 2897
1 2898
1 2899
1 2900
1 2901
1 2902
1 2903
1 2904
1 2905
1 2906
1 2907
1 2908
1 2909
1 2910
1 2911
1 2912
1 2913
1 2914
1 2915
1 2916
1 2917
1 2918
1 2919
1 2920
1 2921
1 2922
1 2923
1 2924
1 2925
1 2926
1 2927
1 2928
1 2929
1 2930
1 2931
1 2932
1 2933
1 2934
1 2935
1 2936
1 2937
1 2938
1 2939
1 2940
1 2941
1 2942
1 2943
1 2944
1 2945
1 2946
1 2947
1 2948
1 2949
1 2950
1 2951
1 2952
1 2953
1 2954
1 2955
1 2956
1 2957
1 2958
1 2959
1 2960
1 2961
1 2962
1 2963
1 2964
1 2965
1 2966
1 2967
1 2968
1 2969
1 2970
1 2971
1 2972
1 2973
1 2974
1 2975
1 2976
1 2977
1 2978
1 2979
1 2980
1 2981
1 2982
1 2983
1 2984
1 2985
1 2986
1 2987
1 2988
1 2989
1 2990
1 2991
1 2992
1 2993
1 2994
1 2995
1 2996
1 2997
1 2998
1 2999
1 3000
1 3001
1 3002
1 3003
1 3004
1 3005
1 3006
1 3007
1 3008
1 3009
1 3010
1 3011
1 3012
1 3013
1 3014
1 3015
1 3016
1 3017
1 3018
1 3019
1 3020
1 3021
1 3022
1 3023
1 3024
1 3025
1 3026
1 3027
1 3028
1 3029
1 3030
1 3031
1 3032
1 3033
1 3034
1 3035
1 3036
1 3037
1 3038
1 3039
1 3040
1 3041
1 3042
1 3043
1 3044
1 3045
1 3046
1 3047
1 3048
1 3049
1 3050
1 3051
1 3052
1 3053
1 3054
1 3055
1 3056
1 3057
1 3058
1 3059
1 3060
1 3061
1 3062
1 3063
1 3064
1 3065
1 3066
1 3067
1 3068
1 3069
1 3070
1 3071
1 3072
1 3073
1 3074
1 3075
1 3076
1 3077
1 3078
1 3079
1 3080
1 3081
1 3082
1 3083
1 3084
1 3085
1 3086
1 3087
1 3088
1 3089
1 3090
1 3091
1 3092
1 3093
1 3094
1 3095
1 3096
1 3097
1 3098
1 3099
1 3100
1 3101
1 3102
1 3103
1 3104
1 3105
1 3106
1 3107
1 3108
1 3109
1 3110
1 3111
1 3112
1 3113
1 3114
1 3115
1 3116
1 3117
1 3118
1 3119
1 3120
1 3121
1 3122
1 3123
1 3124
1 3125
1 3126
1 3127
1 3128
1 3129
1 3130
1 3131
1 3132
1 3133
1 3134
1 3135
1 3136
1 3137
1 3138
1 3139
1 3140
1 3141
1 3142
1 3143
1 3144
1 3145
1 3146
1 3147
1 3148
1 3149
1 3150
1 3151
1 3152
1 3153
1 3154
1 3155
1 3156
1 3157
1 3158
1 3159
1 3160
1 3161
1 3162
1 3163
1 3164
1 3165
1 3166
1 3167
1 3168
1 3169
1 3170
1 3171
1 3172
1 3173
1 3174
1 3175
1 3176
1 3177
1 3178
1 3179
1 3180
1 3181
1 3182
1 3183
1 3184
1 3185
1 3186
1 3187
1 3188
1 3189
1 3190
1 3191
1 3192
1 3193
1 3194
1 3195
1 3196
1 3197
1 3198
1 3199
1 3200
1 3201
1 3202
1 3203
1 3204
1 3205
1 3206
1 3207
1 3208
1 3209
1 3210
1 3211
1 3212
1 3213
1 3214
1 3215
1 3216
1 3217
1 3218
1 3219
1 3220
1 3221
1 3222
1 3223
1 3224
1 3225
1 3226
1 3227
1 3228
1 3229
1 3230
1 3231
1 3232
1 3233
1 3234
1 3235
1 3236
1 3237
1 3238
1 3239
1 3240
1 3241
1 3242
1 3243
1 3244
1 3245
1 3246
1 3247
1 3248
1 3249
1 3250
1 3251
1 3252
1 3253
1 3254
1 3255
1 3256
1 3257
1 3258
1 3259
1 3260
1 3261
1 3262
1 3263
1 3264
1 3265
1 3266
1 3267
1 3268
1 3269
1 3270
1 3271
1 3272
1 3273
1 3274
1 3275
1 3276
1 3277
1 3278
1 3279
1 3280
1 3281
1 3282
1 3283
1 3284
1 3285
1 3286
1 3287
1 3288
1 3289
1 3290
1 3291
1 3292
1 3293
1 3294
1 3295
1 3296
1 3297
1 3298
1 3299
1 3300
1 3301
1 3302
1 3303
1 3304
1 3305
1 3306
1 3307
1 3308
1 3309
1 3310
1 3311
1 3312
1 3313
1 3314
1 3315
1 3316
1 3317
1 3318
1 3319
1 3320
1 3321
1 3322
1 3323
1 3324
1 3325
1 3326
1 3327
1 3328
1 3329
1 3330
1 3331
1 3332
1 3333
1 3334
1 3335
1 3336
1 3337
1 3338
1 3339
1 3340
1 3341
1 3342
1 3343
1 3344
1 3345
1 3346
1 3347
1 3348
1 3349
1 3350
1 3351
1 3352
1 3353
1 3354
1 3355
1 3356
1 3357
1 3358
1 3359
1 3360
1 3361
1 3362
1 3363
1 3364
1 3365
1 3366
1 3367
1 3368
1 3369
1 3370
1 3371
1 3372
1 3373
1 3374
1 3375
1 3376
1 3377
1 3378
1 3379
1 3380
1 3381
1 3382
1 3383
1 3384
1 3385
1 3386
1 3387
1 3388
1 3389
1 3390
1 3391
1 3392
1 3393
1 3394
1 3395
1 3396
1 3397
1 3398
1 3399
1 3400
1 3401
1 3402
1 3403
1 3404
1 3405
1 3406
1 3407
1 3408
1 3409
1 3410
1 3411
1 3412
1 3413
1 3414
1 3415
1 3416
1 3417
1 3418
1 3419
1 3420
1 3421
1 3422
1 3423
1 3424
1 3425
1 3426
1 3427
1 3428
1 3429
1 3430
1 3431
1 3432
1 3433
1 3434
1 3435
1 3436
1 3437
1 3438
1 3439
1 3440
1 3441
1 3442
1 3443
1 3444
1 3445
1 3446
1 3447
1 3448
1 3449
1 3450
1 3451
1 3452
1 3453
1 3454
1 3455
1 3456
1 3457
1 3458
1 3459
1 3460
1 3461
1 3462
1 3463
1 3464
1 3465
1 3466
1 3467
1 3468
1 3469
1 3470
1 3471
1 3472
1 3473
1 3474
1 3475
1 3476
1 3477
1 3478
1 3479
1 3480
1 3481
1 3482
1 3483
1 3484
1 3485
1 3486
1 3487
1 3488
1 3489
1 3490
1 3491
1 3492
1 3493
1 3494
1 3495
1 3496
1 3497
1 3498
1 3499
1 3500
1 3501
1 3502
1 3503
1 3504
1 3505
1 3506
1 3507
1 3508
1 3509
1 3510
1 3511
1 3512
1 3513
1 3514
1 3515
1 3516
1 3517
1 3518
1 3519
1 3520
1 3521
1 3522
1 3523
1 3524
1 3525
1 3526
1 3527
1 3528
1 3529
1 3530
1 3531
1 3532
1 3533
1 3534
1 3535
1 3536
1 3537
1 3538
1 3539
1 3540
1 3541
1 3542
1 3543
1 3544
1 3545
1 3546
1 3547
1 3548
1 3549
1 3550
1 3551
1 3552
1 3553
1 3554
1 3555
1 3556
1 3557
1 3558
1 3559
1 3560
1 3561
1 3562
1 3563
1 3564
1 3565
1 3566
1 3567
1 3568
1 3569
1 3570
1 3571
1 3572
1 3573
1 3574
1 3575
1 3576
1 3577
1 3578
1 3579
1 3580
1 3581
1 3582
1 3583
1 3584
1 3585
1 3586
1 3587
1 3588
1 3589
1 3590
1 3591
1 3592
1 3593
1 3594
1 3595
1 3596
1 3597
1 3598
1 3599
1 3600
1 3601
1 3602
1 3603
1 3604
1 3605
1 3606
1 3607
1 3608
1 3609
1 3610
1 3611
1 3612
1 3613
1 3614
1 3615
1 3616
1 3617
1 3618
1 3619
1 3620
1 3621
1 3622
1 3623
1 3624
1 3625
1 3626
1 3627
1 3628
1 3629
1 3630
1 3631
1 3632
1 3633
1 3634
1 3635
1 3636
1 3637
1 3638
1 3639
1 3640
1 3641
1 3642
1 3643
1 3644
1 3645
1 3646
1 3647
1 3648
1 3649
1 3650
1 3651
1 3652
1 3653
1 3654
1 3655
1 3656
1 3657
1 3658
1 3659
1 3660
1 3661
1 3662
1 3663
1 3664
1 3665
1 3666
1 3667
1 3668
1 3669
1 3670
1 3671
1 3672
1 3673
1 3674
1 3675
1 3676
1 3677
1 3678
1 3679
1 3680
1 3681
1 3682
1 3683
1 3684
1 3685
1 3686
1 3687
1 3688
1 3689
1 3690
1 3691
1 3692
1 3693
1 3694
1 3695
1 3696
1 3697
1 3698
1 3699
1 3700
1 3701
1 3702
1 3703
1 3704
1 3705
1 3706
1 3707
1 3708
1 3709
1 3710
1 3711
1 3712
1 3713
1 3714
1 3715
1 3716
1 3717
1 3718
1 3719
1 3720
1 3721
1 3722
1 3723
1 3724
1 3725
1 3726
1 3727
1 3728
1 3729
1 3730
1 3731
1 3732
1 3733
1 3734
1 3735
1 3736
1 3737
1 3738
1 3739
1 3740
1 3741
1 3742
1 3743
1 3744
1 3745
1 3746
1 3747
1 3748
1 3749
1 3750
1 3751
1 3752
1 3753
1 3754
1 3755
1 3756
1 3757
1 3758
1 3759
1 3760
1 3761
1 3762
1 3763
1 3764
1 3765
1 3766
1 3767
1 3768
1 3769
1 3770
1 3771
1 3772
1 3773
1 3774
1 3775
1 3776
1 3777
1 3778
1 3779
1 3780
1 3781
1 3782
1 3783
1 3784
1 3785
1 3786
1 3787
1 3788
1 3789
1 3790
1 3791
1 3792
1 3793
1 3794
1 3795
1 3796
1 3797
1 3798
1 3799
1 3800
1 3801
1 3802
1 3803
1 3804
1 3805
1 3806
1 3807
1 3808
1 3809
1 3810
1 3811
1 3812
1 3813
1 3814
1 3815
1 3816
1 3817
1 3818
1 3819
1 3820
1 3821
1 3822
1 3823
1 3824
1 3825
1 3826
1 3827
1 3828
1 3829
1 3830
1 3831
1 3832
1 3833
1 3834
1 3835
1 3836
1 3837
1 3838
1 3839
1 3840
1 3841
1 3842
1 3843
1 3844
1 3845
1 3846
1 3847
1 3848
1 3849
1 3850
1 3851
1 3852
1 3853
1 3854
1 3855
1 3856
1 3857
1 3858
1 3859
1 3860
1 3861
1 3862
1 3863
1 3864
1 3865
1 3866
1 3867
1 3868
1 3869
1 3870
1 3871
1 3872
1 3873
1 3874
1 3875
1 3876
1 3877
1 3878
1 3879
1 3880
1 3881
1 3882
1 3883
1 3884
1 3885
1 3886
1 3887
1 3888
1 3889
1 3890
1 3891
1 3892
1 3893
1 3894
1 3895
1 3896
1 3897
1 3898
1 3899
1 3900
1 3901
1 3902
1 3903
1 3904
1 3905
1 3906
1 3907
1 3908
1 3909
1 3910
1 3911
1 3912
1 3913
1 3914
1 3915
1 3916
1 3917
1 3918
1 3919
1 3920
1 3921
1 3922
1 3923
1 3924
1 3925
1 3926
1 3927
1 3928
1 3929
1 3930
1 3931
1 3932
1 3933
1 3934
1 3935
1 3936
1 3937
1 3938
1 3939
1 3940
1 3941
1 3942
1 3943
1 3944
1 3945
1 3946
1 3947
1 3948
1 3949
1 3950
1 3951
1 3952
1 3953
1 3954
1 3955
1 3956
1 3957
1 3958
1 3959
1 3960
1 3961
1 3962
1 3963
1 3964
1 3965
1 3966
1 3967
1 3968
1 3969
1 3970
1 3971
1 3972
1 3973
1 3974
1 3975
1 3976
1 3977
1 3978
1 3979
1 3980
1 3981
1 3982
1 3983
1 3984
1 3985
1 3986
1 3987
1 3988
1 3989
1 3990
1 3991
1 3992
1 3993
1 3994
1 3995
1 3996
1 3997
1 3998
1 3999
1 4000
1 4001
1 4002
1 4003
1 4004
1 4005
1 4006
1 4007
1 4008
1 4009
1 4010
1 4011
1 4012
1 4013
1 4014
1 4015
1 4016
1 4017
1 4018
1 4019
1 4020
1 4021
1 4022
1 4023
1 4024
1 4025
1 4026
1 4027
1 4028
1 4029
1 4030
1 4031
1 4032
1 4033
1 4034
1 4035
1 4036
1 4037
1 4038
1 4039
1 4040
1 4041
1 4042
1 4043
1 4044
1 4045
1 4046
1 4047
1 4048
1 4049
1 4050
1 4051
1 4052
1 4053
1 4054
1 4055
1 4056
1 4057
1 4058
1 4059
1 4060
1 4061
1 4062
1 4063
1 4064
1 4065
1 4066
1 4067
1 4068
1 4069
1 4070
1 4071
1 4072
1 4073
1 4074
1 4075
1 4076
1 4077
1 4078
1 4079
1 4080
1 4081
1 4082
1 4083
1 4084
1 4085
1 4086
1 4087
1 4088
1 4089
1 4090
1 4091
1 4092
1 4093
1 4094
1 4095
1 4096
1 4097
1 4098
1 4099
1 4100
1 4101
1 4102
1 4103
1 4104
1 4105
1 4106
1 4107
1 4108
1 4109
1 4110
1 4111
1 4112
1 4113
1 4114
1 4115
1 4116
1 4117
1 4118
1 4119
1 4120
1 4121
1 4122
1 4123
1 4124
1 4125
1 4126
1 4127
1 4128
1 4129
1 4130
1 4131
1 4132
1 4133
1 4134
1 4135
1 4136
1 4137
1 4138
1 4139
1 4140
1 4141
1 4142
1 4143
1 4144
1 4145
1 4146
1 4147
1 4148
1 4149
1 4150
1 4151
1 4152
1 4153
1 4154
1 4155
1 4156
1 4157
1 4158
1 4159
1 4160
1 4161
1 4162
1 4163
1 4164
1 4165
1 4166
1 4167
1 4168
1 4169
1 4170
1 4171
1 4172
1 4173
1 4174
1 4175
1 4176
1 4177
1 4178
1 4179
1 4180
1 4181
1 4182
1 4183
1 4184
1 4185
1 4186
1 4187
1 4188
1 4189
1 4190
1 4191
1 4192
1 4193
1 4194
1 4195
1 4196
1 4197
1 4198
1 4199
1 4200
1 4201
1 4202
1 4203
1 4204
1 4205
1 4206
1 4207
1 4208
1 4209
1 4210
1 4211
1 4212
1 4213
1 4214
1 4215
1 4216
1 4217
1 4218
1 4219
1 4220
1 4221
1 4222
1 4223
1 4224
1 4225
1 4226
1 4227
1 4228
1 4229
1 4230
1 4231
1 4232
1 4233
1 4234
1 4235
1 4236
1 4237
1 4238
1 4239
1 4240
1 4241
1 4242
1 4243
1 4244
1 4245
1 4246
1 4247
1 4248
1 4249
1 4250
1 4251
1 4252
1 4253
1 4254
1 4255
1 4256
1 4257
1 4258
1 4259
1 4260
1 4261
1 4262
1 4263
1 4264
1 4265
1 4266
1 4267
1 4268
1 4269
1 4270
1 4271
1 4272
1 4273
1 4274
1 4275
1 4276
1 4277
1 4278
1 4279
1 4280
1 4281
1 4282
1 4283
1 4284
1 4285
1 4286
1 4287
1 4288
1 4289
1 4290
1 4291
1 4292
1 4293
1 4294
1 4295
1 4296
1 4297
1 4298
1 4299
1 4300
1 4301
1 4302
1 4303
1 4304
1 4305
1 4306
1 4307
1 4308
1 4309
1 4310
1 4311
1 4312
1 4313
1 4314
1 4315
1 4316
1 4317
1 4318
1 4319
1 4320
1 4321
1 4322
1 4323
1 4324
1 4325
1 4326
1 4327
1 4328
1 4329
1 4330
1 4331
1 4332
1 4333
1 4334
1 4335
1 4336
1 4337
1 4338
1 4339
1 4340
1 4341
1 4342
1 4343
1 4344
1 4345
1 4346
1 4347
1 4348
1 4349
1 4350
1 4351
1 4352
1 4353
1 4354
1 4355
1 4356
1 4357
1 4358
1 4359
1 4360
1 4361
1 4362
1 4363
1 4364
1 4365
1 4366
1 4367
1 4368
1 4369
1 4370
1 4371
1 4372
1 4373
1 4374
1 4375
1 4376
1 4377
1 4378
1 4379
1 4380
1 4381
1 4382
1 4383
1 4384
1 4385
1 4386
1 4387
1 4388
1 4389
1 4390
1 4391
1 4392
1 4393
1 4394
1 4395
1 4396
1 4397
1 4398
1 4399
1 4400
1 4401
1 4402
1 4403
1 4404
1 4405
1 4406
1 4407
1 4408
1 4409
1 4410
1 4411
1 4412
1 4413
1 4414
1 4415
1 4416
1 4417
1 4418
1 4419
1 4420
1 4421
1 4422
1 4423
1 4424
1 4425
1 4426
1 4427
1 4428
1 4429
1 4430
1 4431
1 4432
1 4433
1 4434
1 4435
1 4436
1 4437
1 4438
1 4439
1 4440
1 4441
1 4442
1 4443
1 4444
1 4445
1 4446
1 4447
1 4448
1 4449
1 4450
1 4451
1 4452
1 4453
1 4454
1 4455
1 4456
1 4457
1 4458
1 4459
1 4460
1 4461
1 4462
1 4463
1 4464
1 4465
1 4466
1 4467
1 4468
1 4469
1 4470
1 4471
1 4472
1 4473
1 4474
1 4475
1 4476
1 4477
1 4478
1 4479
1 4480
1 4481
1 4482
1 4483
1 4484
1 4485
1 4486
1 4487
1 4488
1 4489
1 4490
1 4491
1 4492
1 4493
1 4494
1 4495
1 4496
1 4497
1 4498
1 4499
1 4500
2693 2235
1050 837
2135 4211
775 3719
526 3188
1932 156
2402 1796
2443 3169
759 3770
1726 1914
1573 1510
91 2964
2269 1729
3621 740
1734 3588
4148 3269
1378 2845
3883 1799
3515 1089
4177 4255
4288 225
4136 3809
1983 3179
1515 3517
3094 2874
578 2476
874 1627
2422 1484
3347 3930
389 3871
2407 1243
2758 20
1791 2251
3557 1459
1442 2022
599 1955
2781 3945
3309 2021
1826 479
3884 48
2122 835
4255 2024
3127 2927
2336 4040
100 549
3296 3886
1128 4448
2630 1852
359 3747
1271 2250
1963 4059
114 3419
295 2447
2548 4052
2792 4061
2147 3384
2618 2584
4172 502
4175 1378
2415 4159
1636 757
1098 202
207 1628
3328 73
3195 936
2126 3850
1285 3357
2421 2383
4151 156
3480 3897
987 3487
406 2517
3988 3171
677 453
1752 1497
869 3629
1653 2743
4104 865
2726 2798
2035 1790
2299 1514
1440 4384
538 4149
3266 4436
3116 2355
2252 4351
2106 3740
613 34
1869 2985
3951 593
2878 2201
3603 874
3881 235
1436 2339
3248 4411
4417 1125
3750 1511
4132 3060
2017 591
466 2924
3932 3327
2581 3283
2558 333
397 370
1451 2452
2698 3161
585 2502
777 912
1905 645
4319 277
4263 1157
3182 4454
1600 403
4396 3953
622 827
2948 1949
102 1673
3868 1406
3296 1874
1733 3772
4348 308
4112 1136
3778 3401
3785 4401
363 175
4418 3281
1288 163
1039 20
459 3461
2635 908
2824 367
4248 2031
1046 660
3019 2862
878 1906
2885 2534
3379 799
3019 3461
3464 998
3608 2281
767 3217
834 3748
330 2765
2992 196
3483 4244
664 1970
751 3867
1532 2173
661 3447
3227 4078
3327 231
3401 1301
933 4319
787 681
3139 3117
435 3425
1963 2598
2504 993
1769 2097
4301 2989
1284 654
1131 3479
3616 646
418 1405
2786 787
3352 449
2871 3842
4183 1846
2309 2533
1032 3898
1893 3541
4291 1325
4482 165
1049 439
451 4069
3652 3419
1884 3855
4054 2926
4253 7
4010 131
4441 3772
2128 574
888 1429
3146 995
3442 3272
2250 4484
4177 533
2300 258
3390 4077
2451 4123
3118 1305
634 1451
1374 310
3472 2844
3117 1434
2003 2004
1841 3379
473 4361
3375 1168
4309 307
1840 3035
572 3261
181 1971
4220 3243
601 3145
633 3993
3566 2495
333 2655
3139 1769
39 2723
2973 3245
1858 3061
1214 2899
2726 2508
2598 4153
3933 889
604 3116
324 2104
2563 426
485 3490
2831 728
3737 3797
1265 2520
1651 4237
3588 464
1551 3947
4060 1182
995 2684
991 660
2264 304
3876 1285
1530 466
2064 3950
4255 3202
3249 2287
2323 212
96 656
934 1242
636 207
425 3229
2582 3115
3093 2987
3602 1221
514 3910
199 3387
1137 4345
4310 4213
98 2800
1858 141
863 1649
852 350
3704 219
1790 198
4131 2931
995 1553
2094 3583
3573 3911
3605 2326
3434 518
2117 205
1535 644
3608 3749
1070 3694
1524 4189
2977 4269
2236 1720
2160 3262
708 3390
3733 1840
2722 2187
2338 3775
1072 2114
1558 3284
1111 2299
261 2502
4346 1329
2147 2438
4422 2816
3085 284
3083 4118
1169 2634
224 3776
243 3789
2929 478
1963 3016
73 110
609 590
203 3622
1614 4436
3428 1158
1020 488
128 4287
4366 2416
3502 1185
2471 4256
352 419
836 2618
2774 1495
473 1584
1439 294
626 402
1398 81
2948 1389
4104 1129
2338 2058
3909 2290
1351 901
1422 2253
98 6
678 4426
2987 638
3739 583
213 946
4249 4331
1482 2555
2124 771
2141 2311
3388 2825
4225 1568
2935 1961
957 3505
2095 1773
3349 1470
3965 1289
607 2911
1823 3308
1932 477
748 932
1795 1956
2339 1336
2191 1438
151 1717
2647 3874
3533 4258
2432 2523
2620 988
2391 3101
57 118
3352 2896
1862 2318
3185 3803
1026 3673
1154 602
856 1039
2383 1767
2792 3759
3479 4234
2594 2318
2180 3056
2456 3309
191 3374
3371 1130
1746 3847
3953 3484
1664 3553
2042 1578
1468 4292
4096 3782
3967 1146
1467 317
2839 4198
2079 1956
3503 1909
3446 3237
1497 2675
2302 3108
3641 3651
929 3095
3325 3491
3105 1368
3221 2043
696 2705
457 1142
4237 1012
3942 1538
434 3509
1897 1757
3428 1409
879 800
3235 3171
805 608
2516 1846
839 2261
1512 1228
2389 4309
1116 205
1904 3220
2800 2910
1114 3428
805 837
1929 3926
2114 3025
3507 2675
4036 1821
3601 3133
1063 3940
380 2712
3102 1239
2302 1081
1419 1735
151 1989
617 804
2148 1478
132 3868
3699 3326
2417 2518
4159 1366
4493 1942
549 3063
1301 2745
4395 100
2060 3873
1300 1019
4013 2427
100 1251
826 1961
1195 309
2237 359
4255 591
1641 3839
1972 676
3014 3408
1237 4083
2334 4280
3756 58
3022 2020
3656 1393
4013 4442
2244 954
309 266
875 2623
924 2097
849 4302
2890 1001
2267 3575
2910 1337
335 2924
3914 3373
1468 279
3686 3602
2649 4316
185 44
1470 3524
2159 2007
2287 3611
3131 3557
1382 595
52 975
1537 2068
1534 3050
3125 1563
70 4255
1338 4393
1762 4426
2301 4227
3218 3817
2792 2066
1356 589
2362 509
63 1255
1684 3077
541 1527
233 2379
1650 2291
3554 2834
2200 3233
2566 76
2488 1885
3767 869
1467 1578
3469 1874
10 3308
4481 1041
3124 1687
2833 127
2959 4128
1291 1876
4218 505
999 3590
3067 598
3049 1427
2397 1660
3190 406
3359 88
1732 3521
3561 3520
4006 398
232 1747
2913 1281
2385 1663
1577 1126
4102 1761
3782 3059
3634 3027
1611 1908
934 4040
3382 2999
1325 3541
1561 4067
4304 2954
61 546
1100 2949
1568 2666
1836 827
1435 3151
3743 3397
3009 1326
2904 1183
4314 2872
4482 810
562 278
2511 300
1126 1955
3940 2939
2360 4039
2701 3480
3342 2052
1702 108
2364 559
1015 4480
3705 2159
700 2117
1745 1406
3045 2405
4352 3623
1243 3585
838 2683
3477 3116
2341 1263
3056 3617
4227 2680
2095 1941
3357 3042
816 1342
1081 2680
1202 3200
3020 2671
1153 2608
1745 1976
622 1499
1052 2041
3455 3766
4270 1814
3083 1098
3132 313
4014 671
3346 368
211 1880
3348 4149
377 1413
1532 3822
3928 2275
497 3480
2002 1419
2070 165
3734 4442
892 2677
3368 1181
557 3185
2788 4243
3917 2774
3395 1175
1611 226
1724 2209
3413 1699
229 763
319 2946
1811 3506
98 107
4005 4421
3499 1381
4177 1944
3324 897
1319 3479
958 2993
83 2392
4278 3669
1149 1464
2627 306
367 571
2846 747
620 3291
971 2799
2076 1931
2915 714
1168 1121
3178 3058
2733 143
1710 1025
3184 3296
1045 1366
4133 3547
2948 1118
3176 827
1986 3106
3415 2048
2775 4403
1629 2149
576 1169
2489 1320
3585 4286
2232 3300
2904 3910
2149 3782
3722 2152
1276 292
4396 4116
3071 255
4143 2743
1521 1404
407 4322
2989 3580
1668 3403
3485 904
1529 2887
732 338
2983 4372
1214 2130
286 4409
3848 904
1659 857
1809 3795
961 2276
1019 1274
305 1505
1912 2399
583 1336
2010 4043
2726 4261
1932 3483
3597 2006
3409 2322
3895 4354
647 901
2576 1186
1819 1361
2425 2642
1600 3722
1838 3948
1827 1850
2523 2721
3295 2759
112 2014
984 4440
4136 312
3351 2586
274 1440
1591 904
223 15
2432 2868
2610 4275
2184 1099
331 3129
2921 1994
624 3002
335 4436
2408 1013
392 1858
101 3155
4295 4354
676 4339
2720 2198
622 1309
2972 3921
1736 3305
226 2450
4373 1012
3343 1787
3573 1761
1461 3172
994 1144
3625 1086
3465 3908
3247 4368
1719 2327
509 1847
1007 3931
1076 63
1028 14
1769 656
4493 762
309 3290
3884 4487
3270 2770
3305 1956
238 1160
2731 548
3538 2047
764 3991
460 3905
2451 3399
1717 847
473 4107
220 3491
3666 177
3080 3773
2463 2330
355 22
2818 3775
1516 2170
2289 3554
2359 327
4049 653
1146 4441
596 4431
1967 3408
1163 3927
664 3709
4440 1348
3119 3933
1182 3611
431 1468
3635 4463
2190 1890
4272 2551
2675 1789
1151 2359
3574 3890
2800 1323
3196 2340
165 4047
1637 2577
3124 1940
1331 838
2706 1695
3410 2600
1644 892
155 57
2477 3033
1598 2101
881 2575
2289 111
3687 18
4402 2285
1791 1854
2102 3146
1867 2553
2850 921
4215 2100
4428 676
1165 500
1396 4477
3239 612
2562 1595
390 816
777 3967
2391 601
3336 113
2071 1727
3806 1832
435 3216
1124 1572
3734 3400
4000 431
1526 966
1590 3883
1520 4325
4496 3599
2653 1995
329 1433
1604 3910
3634 2181
1341 2153
3163 2843
1510 2927
2776 1938
2917 170
4393 3476
4492 974
509 4139
2116 1003
2019 2981
4365 4424
1204 2123
2282 1445
3399 1665
4267 1956
1732 3851
3929 2798
4188 3325
3472 1640
1368 3214
230 1015
3652 1045
290 3430
913 1488
3901 3013
2777 4050
2056 1918
849 1721
2483 4141
1954 1531
2572 2371
4016 4044
4398 1790
1082 2919
2952 4201
3713 1665
1111 927
950 130
232 3730
3267 2578
3894 2830
1194 3463
3646 4365
858 1181
3440 2269
3514 2532
3735 3371
888 1924
3799 3537
2172 1783
3496 2105
1942 251
3346 325
3708 4023
1923 1058
1256 838
3884 3128
1426 3301
3922 2098
227 3651
4069 263
2842 1935
1479 2965
1069 4164
3534 1130
4375 1362
1356 3604
4251 2405
419 2870
4429 3174
21 632
1270 858
4156 61
3825 397
544 1395
2321 2691
2154 1711
276 2369
244 3485
3535 121
1736 2248
2699 3585
4484 1061
2620 584
2875 3698
3515 2986
4272 1621
1534 389
3336 1397
4439 4103
2423 1873
2816 1923
2354 2303
2091 1348
2122 956
3130 1034
4114 1855
4369 2789
1997 2307
3996 3550
1233 1741
1395 933
140 3970
3046 83
2552 1847
1013 1471
2868 716
3765 3292
1105 1541
949 1024
4405 3334
1919 1514
3689 2313
2214 1954
82 1602
4009 3778
2417 843
1464 1725
479 3281
1049 750
1922 4189
783 2849
3331 1075
3157 444
232 1569
1373 3087
684 2698
293 1435
3797 3101
1794 380
3644 3823
1571 446
129 2681
1831 1922
4146 269
2117 3592
3213 3561
2095 559
637 1314
1979 242
1117 2391
231 1819
3101 291
4071 4377
4031 3056
2524 2604
699 1171
4173 3753
4181 3346
4397 943
904 1830
3073 1096
3984 1968
2106 432
1759 1583
2801 430
2995 3418
4463 1775
130 2758
4460 1807
512 1735
383 2398
1036 1360
674 1902
2496 1415
15 1596
2218 1180
176 2684
2004 3418
3049 2544
3451 2308
2493 587
3729 2303
388 2342
906 214
337 3970
479 1840
133 964
4378 385
176 692
4068 2502
982 4447
798 1228
2755 2217
1983 3746
2770 4303
218 2368
3286 1535
2870 2755
2977 1326
1486 1117
3904 120
3174 2469
3761 3347
4357 1350
3650 2461
3611 1389
4201 4048
794 1915
3123 2099
2715 1826
3082 3791
3764 3193
2087 1559
3253 1462
962 1333
618 3375
3743 83
1925 3361
694 1200
1625 1846
2589 2864
4427 2191
4051 3331
2655 2362
4018 4331
975 1105
1044 4058
1374 440
4494 4310
1157 2948
2171 124
2410 1267
2766 580
4202 3026
4467 1361
2886 1160
1331 2645
257 2783
623 2519
69 1404
622 3297
4155 136
2557 3166
2343 2633
3623 3378
1940 1772
1724 1038
4340 1283
4336 2163
3167 208
3161 3809
1196 2769
3953 2207
4398 1543
1591 3872
989 3224
870 2966
3839 1079
3589 3112
4374 2960
2502 2470
394 509
2850 4357
2814 3882
396 574
4321 2406
2326 1010
982 3324
1121 4416
2148 2208
4111 3423
1291 3848
2378 2812
4154 1779
900 1762
1244 3442
2699 3730
706 2269
2178 1852
1605 4056
3291 4073
1513 1967
4335 1940
2650 981
4038 2040
338 1302
832 3836
602 1045
786 271
815 368
2140 3160
2003 4314
3566 400
3198 4268
3520 155
4350 2611
2252 2152
54 1703
27 945
3210 2608
3014 3576
1109 3063
2109 4201
1707 3554
401 602
3300 997
382 4044
3201 1848
785 547
3607 3406
4185 1979
642 2203
2804 4407
436 3271
3326 102
2176 4301
1536 2507
3609 1351
976 1880
4341 3648
1337 1735
2814 3680
1904 3611
4417 1618
60 1000
3880 68
3763 1192
4390 3307
2236 913
2846 3627
2565 2866
253 1258
3606 1812
2104 4331
1937 1259
1210 3321
3273 835
2613 3129
3291 1573
2617 2803
1432 1244
892 3256
1996 1558
1451 262
3080 2129
3655 1335
2319 3393
1440 4404
3292 3789
3120 4164
769 1076
3644 960
4004 3753
2985 745
3074 1151
4353 534
2260 3630
1434 3664
2978 2337
1385 1135
2028 2850
4188 4337
3850 2390
2742 1555
1126 1144
2886 1943
2199 3043
1117 2237
3049 1267
4412 1100
3052 877
1006 2849
630 923
3447 368
532 3810
3883 205
3766 4463
3449 3352
4086 641
1637 4387
2950 1923
1232 463
910 2114
977 36
3389 4237
3736 193
2519 688
1230 4435
4419 1745
1942 3179
1094 371
1591 1236
2374 2324
2241 4003
4409 853
2697 4335
4021 400
390 3135
2816 4148
4217 219
754 919
4292 1818
1539 3464
160 947
4427 2979
2289 823
2187 4016
3110 1194
3474 3928
2288 2570
607 2088
3225 2235
4024 76
3977 227
3027 952
2463 3782
1600 1850
3767 579
2203 3618
2870 1824
1640 2507
3072 4407
265 984
1514 1975
631 630
2983 3097
3979 2670
700 2241
789 1323
3089 943
4407 149
197 3142
4015 1566
2726 1655
779 3968
1116 4423
1743 3096
1232 3298
805 3840
662 2290
276 1770
787 3856
2518 231
4462 1095
1947 1312
4083 1599
3054 3686
1832 2454
1982 3028
1125 1672
4238 3153
3382 4005
3030 1859
3309 1274
971 2621
1976 1171
3480 2358
2331 2303
2513 1077
2418 3840
124 2151
4298 475
1750 2681
3596 1900
1711 2256
1000 2898
4449 2814
463 1029
3575 1764
193 3107
199 3207
2146 1985
3013 2256
703 1765
4059 7
473 4387
1333 3726
3144 2275
3727 896
4483 3412
973 2828
3976 1810
3819 126
2597 1784
868 3677
169 30
2599 1155
781 2847
4150 4133
2972 3068
3528 1582
4468 840
876 3076
3918 1663
2559 767
1353 1290
1060 1919
3530 3078
4294 1424
902 762
2420 1661
3058 249
4162 2922
3062 1740
4469 3162
3813 2112
3429 3621
4027 1789
3336 4180
1182 604
2302 698
3136 971
1471 358
1736 3281
607 3697
3546 716
898 4401
2662 3724
3985 2989
4240 2580
3080 1866
391 3093
3182 2321
3467 1048
1515 1213
21 929
1961 2764
1563 2306
3733 3696
952 360
2716 1505
3454 4220
3813 947
3642 3693
3670 743
4087 1195
4088 2162
1697 2835
3960 4135
3912 285
4476 3958
4408 1522
2909 2143
3239 733
1095 1663
1087 2673
2122 1817
842 1973
674 1504
1885 2631
613 4314
455 1165
81 2039
1662 2741
1815 3612
988 1907
1305 1255
2453 3340
654 2996
1054 509
2626 3534
2877 3200
3956 2426
1578 428
1728 4293
3190 220
760 1994
1997 3234
2261 2335
645 3360
2672 64
3759 1186
1724 2858
760 430
2220 476
2046 455
3080 1807
3536 4140
239 3703
4456 1676
2864 4426
1740 3379
3522 130
4196 1084
3337 514
3307 3383
1470 4075
3352 620
4301 862
549 2902
968 2817
2278 2689
3808 4058
4169 419
1941 3032
1381 347
4098 1873
1976 2953
2546 4174
2881 1559
884 3997
2395 1946
4431 1081
2184 1477
3318 3696
49 4293
57 741
1383 2181
1306 821
2987 3685
883 2375
4169 2540
2621 421
1659 3254
71 2223
206 4405
2047 654
2776 3661
3320 3846
1827 3180
3858 2075
419 3584
4004 3122
4284 4242
647 4014
505 2956
3213 71
3802 1814
2362 3530
2807 2147
3210 3803
1244 3826
3972 3108
1696 1248
472 203
2470 3253
4283 14
2005 4114
1845 2608
4284 1609
1433 1673
2423 1801
1280 441
2985 1344
804 801
789 2513
2725 476
1528 1798
1429 997
3353 3316
3846 1804
1016 778
3049 2302
3514 1606
2274 2369
41 3123
2339 3319
1128 782
4361 3297
4273 4100
3228 1833
2377 338
2592 2454
3888 83
2759 648
3524 2728
2888 3520
1018 2002
4481 2082
794 3305
1565 1835
3692 4433
4139 133
1610 520
3617 3011
4076 657
368 2553
2287 1152
4046 3100
3290 1184
115 3821
3931 4088
2696 2645
4120 1420
1765 2032
3551 2878
3018 1661
1200 3896
2517 8
3177 2633
2315 1068
3100 1506
1125 511
3836 1312
660 1148
619 1533
4016 3819
2101 1896
3564 3921
1026 4491
2730 1684
1256 4363
2051 4312
1334 1518
2553 2683
589 1535
1305 2913
985 541
1132 2665
4162 2669
1885 4365
1519 4482
3939 4177
3292 1024
2854 2583
2168 1091
1192 994
3289 3147
1689 3782
1041 1888
1392 3356
695 1764
2812 3603
649 477
2647 1801
3475 3623
1781 1575
1621 4043
2873 1733
2279 2020
1869 4
335 2593
3205 3490
4017 1652
3871 170
2251 403
1658 1172
2891 2117
4106 946
362 2743
1983 3010
2270 3205
1107 2997
3603 29
493 507
1503 3844
781 314
1459 2404
3812 1260
2298 227
4082 1035
1592 4299
2378 534
103 1147
1926 778
143 4047
3129 4187
1167 3061
1798 3886
1714 4419
981 2544
2478 1008
2620 2000
648 3736
2282 4398
3630 1625
1738 1915
213 1412
1798 2388
154 2073
3683 1173
22 845
3859 528
267 934
2443 4306
4179 3624
1729 2709
3071 4265
3152 3472
3167 2694
279 4140
4477 3110
1587 2815
1857 2674
1054 406
410 2401
2048 1105
2420 1750
1816 1095
4381 3292
894 1292
2792 931
2590 1738
3283 3939
271 3746
3718 82
2377 1104
1666 9
1600 1636
3731 1351
1313 1020
4424 4395
3710 579
1466 3328
76 2257
4414 4332
384 3925
2305 2948
1504 2590
4376 747
2272 1332
2623 464
225 3276
1687 475
674 4120
974 1611
3895 4053
1057 2890
462 1273
1426 2250
3774 954
4090 14
4478 3379
796 3547
2014 2375
3508 2924
102 3657
251 933
790 3505
3348 1074
2086 4111
3327 3023
4037 3805
1336 1600
455 3716
383 2985
2217 1748
478 4339
3625 2760
3916 2146
4335 1756
612 1139
295 1225
2892 2048
4138 2866
1302 1571
1169 3923
4194 1724
1847 4327
2474 3775
143 185
151 1653
2892 3423
4405 270
3130 592
2285 856
3562 2970
369 3240
3748 357
2362 641
4036 3523
173 1212
652 900
1345 1818
1431 2135
4460 1445
2479 3043
1680 3955
3239 4336
791 1895
1745 422
2095 3943
272 1215
698 1726
2536 460
2594 2415
1786 3967
3550 2660
13 539
2849 3926
1165 3834
3178 4021
3295 4187
910 4226
1446 3206
4075 3603
154 1257
1558 1343
154 3383
3166 2534
1375 879
2215 488
2611 2887
3188 4330
987 1366
303 3625
2166 1957
1566 152
731 1602
3647 382
370 1103
1051 1013
2629 502
1753 3689
3861 2907
1690 3297
2341 316
1888 680
2066 439
679 1010
626 302
575 804
3288 4218
2621 3675
269 412
140 2210
3241 1746
186 4384
87 543
153 4378
1564 236
2236 171
2339 1587
1889 2672
17 2210
1751 1223
1123 2001
3908 2768
3594 1438
1467 3382
955 4421
1185 4238
4262 662
2363 3387
4199 4041
916 1936
4073 1956
3023 2961
3252 2996
2074 4339
44 3743
3605 322
2842 2646
2189 2211
967 4136
1943 1962
2942 4274
2274 3505
325 1964
591 3410
990 2564
3688 2638
1116 1926
3104 4254
3031 3426
2426 2883
3462 2231
701 4038
4050 988
2435 765
4205 2306
20 2043
2124 2867
785 2383
4456 329
3064 3209
83 2840
1420 2347
1826 2134
2735 3102
3580 317
3251 1575
2595 1008
797 3550
437 2059
4200 855
2277 1069
237 3664
7 2233
989 1977
73 1973
1191 1578
3181 819
1082 2089
2159 967
2040 3229
398 4043
384 3383
2439 3220
309 1922
3056 3423
4446 512
2880 2857
235 2836
471 1884
3480 4191
3544 2416
683 2820
3711 3235
4440 3556
3536 3124
2426 503
32 4420
4401 346
496 3730
1553 883
3767 1072
1816 2468
132 3786
3454 2234
4329 3235
1105 4074
3343 2203
104 2647
2785 2113
2089 2131
1671 3661
616 2515
1278 4334
1216 3158
15 110
4096 541
2439 4019
4400 712
2960 3628
2157 2824
2064 301
4455 560
302 1870
1374 2405
3101 4478
480 1352
3929 4483
4102 1516
3505 680
4460 1967
646 362
1342 3441
3070 3265
789 1515
4360 229
3986 328
4174 4063
3616 321
2234 2592
1613 4416
2623 3726
2272 1428
4300 916
79 2064
616 3481
999 1996
1119 2933
359 3947
783 180
401 1063
3100 4054
1309 1226
617 2781
343 2373
3325 2358
4290 56
2857 268
1379 1693
432 2077
529 3696
2383 1508
4165 2867
4181 2068
2181 344
2820 4458
3339 1299
4351 2380
1878 3083
3210 1517
1300 3716
3638 1086
352 1055
1151 2516
1785 838
2838 2867
1598 3028
3945 987
2932 194
191 2505
2565 2090
3394 905
4259 392
4407 2920
1994 3123
673 878
459 82
1417 2837
2656 3273
3764 2964
4384 1023
1182 1736
2971 3444
2171 770
3917 3651
926 1853
4017 1410
3705 1015
2734 4197
133 3853
2353 4231
322 123
4138 399
554 2013
2556 1030
2774 1143
910 614
1196 1639
2256 2160
3412 1305
1718 1378
1361 1864
2053 2972
4164 3387
3681 39
4262 1384
2110 4203
3177 3249
2230 1853
1302 3838
4003 659
4402 3222
3989 1516
2915 2613
3373 1471
4340 4122
1307 2959
3459 3051
3495 1675
2655 3239
857 991
2980 1793
3347 605
3741 2366
3569 4114
2107 1380
4050 2779
2121 548
1709 37
3053 1327
711 3827
1686 1620
702 793
4290 1383
3322 4250
4399 1946
622 175
1991 4341
1476 4163
3537 3075
3579 4253
273 324
105 217
2540 3101
1016 814
1811 69
827 1036
4404 3031
603 1653
1229 398
1706 33
3589 1233
3785 3034
1665 1009
510 3424
1709 1003
1608 4059
2886 2589
3440 56
4206 3297
599 2422
599 2332
2781 3237
4054 841
412 2828
583 4395
3198 4054
2796 3823
3819 143
4315 2145
638 1713
2558 2114
3443 1845
1891 4045
3420 2328
3311 151
126 2880
250 3109
3815 1723
3300 3082
2089 2121
4465 1142
1012 1751
2415 2707
1921 135
4258 113
3414 1236
4228 594
1556 826
884 165
3584 109
3702 1334
1686 1901
2283 4095
3742 1934
4094 3407
3305 530
4311 188
1584 2249
1262 2031
4114 881
3536 1058
4166 1883
449 2745
4485 1996
3985 2540
2570 2630
2021 3495
3246 4226
4260 1204
1579 1177
1816 3272
4386 2394
2697 1402
1378 574
2855 4221
4024 3232
2519 120
2457 80
3175 125
898 2772
1161 2551
3406 494
2675 1750
4483 2401
4233 1397
521 2307
2747 2203
1655 1864
2009 3256
2698 4037
477 350
3637 1050
2684 4432
3664 1571
3397 2971
1082 4286
951 2153
1852 4209
3736 3962
3765 128
2979 2709
942 3649
3719 1123
281 1359
1104 1693
1887 2726
2486 4070
953 565
59 4147
1984 515
472 3762
40 528
1856 2861
1547 761
765 2845
2697 2365
4014 2652
274 931
2034 4258
3369 2102
2490 1321
788 4228
2430 2223
4023 3627
2777 3631
60 2091
3361 2050
2649 2303
2642 1148
1486 2798
1638 438
1466 1578
3356 4406
3234 2029
3222 927
3559 384
843 4478
1535 2607
1902 607
4034 1541
2980 2778
540 1260
743 2317
4467 778
351 2732
3888 3529
4153 4347
4417 1614
922 3820
3131 1321
3338 3695
4351 2131
4497 2308
1410 1533
746 1561
2177 2016
4493 2510
2856 2085
1978 3645
3968 2318
1331 2635
2555 4079
844 1351
3955 3697
13 2055
3536 3309
3666 3015
398 2303
650 4434
1318 157
1453 1308
1701 1612
2898 3583
3939 571
3078 3898
2275 2878
1682 1187
3218 3643
1148 2147
1924 592
1883 698
2890 1182
2792 3324
201 1870
3644 785
1073 1978
4170 444
151 2468
2256 854
931 1369
3762 2111
666 42
2944 1403
1620 3440
1961 1848
685 681
2609 3852
4190 1145
4199 4336
1106 775
3677 1035
3073 361
4181 2517
2745 2840
2685 2194
3400 70
4039 1559
3528 1908
664 3071
4097 3790
3614 4489
4135 2298
4411 4391
795 3451
1413 2694
2067 407
1089 2341
3384 1750
425 2920
1742 3479
1789 3187
3795 3132
2351 2909
1952 750
691 1692
1059 1555
3134 641
2363 4465
133 980
284 2138
133 4384
3335 1824
3525 126
1363 2997
4441 4228
640 3968
3827 3130
2197 2410
1831 4442
3244 3870
2434 3492
2117 1037
1175 4115
2031 1388
2866 679
3173 4308
1072 2092
801 3989
2808 2830
1899 1694
1672 2569
1885 1289
1641 1694
2678 1970
3777 2477
4163 521
2542 1717
2591 1554
2865 2410
2906 2163
529 1704
3718 840
632 326
3591 3777
3293 571
3416 2875
1522 4197
130 3135
3175 527
2536 3690
1146 2187
18 2359
2779 4195
205 3699
1770 4056
770 474
1545 3226
2388 3921
4069 2136
3408 3880
764 1676
138 1935
644 3997
905 134
1776 960
3495 4248
3494 1607
204 4181
1547 4218
1039 3877
3411 3141
1599 2259
3540 1593
2475 2819
4153 385
4257 1987
4060 2559
1695 3218
1342 153
2860 374
227 2566
594 1249
2848 2724
915 149
973 2129
381 3347
2997 1000
2504 3007
2768 2763
1270 2055
2759 111
3183 1280
70 1242
2244 3954
1028 704
1889 2841
1756 866
3355 1949
3993 3838
2707 4450
2397 1659
4340 205
3857 394
2147 2926
1654 144
3942 787
297 3957
3210 4080
3460 4410
3190 370
3487 1132
3028 2480
3748 1904
1867 2287
413 1790
3120 2209
3982 2809
4019 2028
3474 2530
2170 270
3787 2551
2483 502
1211 3937
3314 3852
386 3824
863 1815
1379 2025
1684 1315
1071 1074
3935 1336
2678 1621
830 3319
4028 4261
1852 1932
2305 2195
1362 1426
1098 57
1959 4458
1756 2976
4189 935
3393 2102
1343 757
1706 3785
1658 254
609 2461
2440 4102
1200 1407
571 772
647 1578
3453 703
1990 2650
981 3114
1563 2281
161 2334
15 3862
3776 4103
1832 4025
4055 970
3936 2543
3154 2474
193 3379
3714 3471
1196 1052
1376 2147
4342 1015
4396 1947
1018 2233
81 4115
2509 2717
2839 1526
185 1812
4145 290
1257 4468
3794 3895
2092 1612
4234 2107
4187 2191
175 1477
4107 3406
312 1558
3065 3645
2992 2159
4188 3774
292 3605
501 3288
728 4245
275 21
3958 241
234 577
4465 529
4447 3271
1326 2460
50 2159
4058 2601
4282 1585
1339 4291
382 4046
2781 2262
1349 3964
4328 1110
3441 376
2852 2103
1116 1640
1996 1719
1031 1400
1524 4313
1691 3654
1068 3390
1186 4093
1703 813
432 3988
1557 3368
863 500
2146 699
3542 3758
2858 715
882 1154
4446 1358
2421 3181
3271 2644
662 1268
3657 2322
2009 30
494 2786
3724 2499
1923 1999
3845 1871
2879 3068
2722 3356
1599 2239
1705 890
4012 3653
1170 3547
2668 2037
800 691
2174 3747
99 1777
2114 4324
1559 1810
4355 945
2937 284
1195 989
1706 1149
2479 3004
4034 300
3489 284
4042 425
1113 4200
3238 4206
1524 2254
1762 2759
3984 1621
653 3116
4309 2791
4331 4042
1931 2019
2136 4449
2286 3427
4300 3691
3502 3623
2718 4239
752 3890
384 2063
3766 3248
2414 823
475 277
4372 3375
3872 4148
3739 3704
1608 4171
939 2538
1794 406
904 994
877 2979
4463 3518
1072 3408
2036 1889
1355 1968
3385 1525
1949 2688
3896 3642
4063 608
1153 1117
1505 2051
1762 2829
3791 4133
3671 2632
1930 4065
812 2643
141 2758
2140 1039
72 3352
4281 3851
1943 2496
2216 153
218 2398
721 11
120 1681
910 1175
1911 4329
1154 3309
3197 2005
1204 2551
2006 3342
123 2083
3822 3331
1525 3530
2362 4333
4214 3352
3256 2880
3083 325
650 2767
2370 1702
1976 3279
887 3654
3262 4020
3912 1039
4307 3003
2050 498
3400 2908
4288 81
3631 1820
2842 4404
2854 1415
1359 4102
4207 591
2571 2570
4430 1101
3123 2394
3168 1723
2956 1954
3760 3831
658 42
2970 2713
3178 263
903 579
1454 749
462 498
464 3928
3701 2310
2819 4276
247 3613
2886 2257
2198 2161
4394 1033
7 4427
4055 1857
741 3260
1179 2816
572 4196
2105 3344
1004 2096
3010 816
1133 4463
2322 1091
492 4258
3517 1514
3589 3512
1337 1916
4384 487
1386 1837
1981 1698
1786 4170
348 3996
3320 631
3597 1843
2845 2490
4070 2969
618 241
2778 3104
3903 4174
2763 4025
4189 1706
3382 2578
3366 3378
432 2924
4328 1387
3611 1
1121 3449
1163 711
2 4196
4159 2986
2929 968
2760 677
3948 3041
4376 1608
2094 1435
929 4430
462 3893
602 420
197 1068
2646 368
722 3764
769 3298
3260 2178
1287 3610
1306 4148
1109 3257
3236 1804
2634 677
759 285
1434 3075
925 599
3052 222
2871 2253
631 4158
2222 2676
2977 1074
3363 657
2952 1565
858 4078
3626 1469
2755 3464
189 3451
482 1042
2582 3896
2701 2900
1765 3158
2985 659
2300 417
4183 300
4093 2923
115 330
4286 3209
4295 3205
2997 2019
114 4297
1384 1826
3636 3406
3110 4469
1209 2079
280 2268
2636 2042
3407 4239
1825 668
92 1924
927 940
2368 2382
3671 1174
1388 851
3578 4127
3272 775
1132 2361
2180 960
3316 3439
4287 1803
2201 1939
8 2744
3195 1746
1188 280
3893 570
1737 1223
2816 1205
3270 4096
1117 1591
1036 3915
1898 1417
2400 476
4443 1014
2376 420
298 4054
672 29
1095 4297
1824 3426
4455 3955
1311 1853
4367 789
3583 785
1605 849
3519 2617
1033 3173
2499 2755
1610 724
3715 1831
4373 2785
667 4001
4034 1150
1478 3778
2934 2975
3377 1956
2935 638
650 2217
2847 2482
759 896
629 1523
3140 1160
678 811
2497 1412
748 549
965 4440
1968 1755
573 2123
593 4300
2818 1730
970 1363
1303 1011
3058 3117
2761 3369
3326 3705
166 3413
3087 4284
2781 4006
1806 3656
3031 129
2334 3258
3520 4371
1181 3360
2864 1614
50 3337
400 1631
2832 370
2900 3932
2279 385
2409 356
636 4427
729 1255
1533 3274
3448 3803
1754 3157
3807 2496
3075 3850
2654 504
4 2453
3347 2550
512 2199
2799 107
1543 3164
4199 3177
2741 3822
3998 1210
1085 4076
867 3178
4392 1404
3483 2906
408 3078
1613 2010
167 3763
1868 3602
357 2574
1899 768
4372 1324
3756 919
2051 903
2278 728
844 2040
3434 2295
1331 3247
1052 2106
3494 801
3381 717
4245 1941
3845 3623
4179 578
424 3559
3671 3334
2804 2240
1311 2920
1432 357
3607 3885
2113 2140
2794 1456
1551 2182
2348 849
3620 1757
4337 2080
3662 1340
4432 949
781 3998
1785 3737
217 1582
2084 603
1834 1931
3446 3479
4405 1409
3848 3017
4163 1848
2095 3917
4348 3663
2324 3923
162 3121
557 2519
476 86
3306 1845
1052 3858
2900 2891
3090 3458
859 3862
1897 728
3249 2889
1175 3627
913 767
568 2069
1632 3129
2024 2302
3269 990
2155 905
595 3879
2605 409
2404 2594
1136 3386
230 617
2721 62
3781 200
912 3166
430 3236
1384 173
1840 4377
1233 2595
3431 643
2524 3728
3087 962
3377 1918
3837 1747
4100 327
1017 4266
1744 3502
3385 3570
799 3501
560 2375
1504 3758
3255 4098
719 417
2038 1446
2456 2189
1048 3548
3942 2582
4378 2876
3110 3678
4420 484
287 1485
648 159
591 12
3225 3065
3656 2322
1202 2463
1813 3612
4213 393
828 433
2756 522
2298 2351
1541 717
734 3761
4066 555
3903 762
3628 2683
2666 2127
2100 3640
2576 344
2428 501
1339 1364
1355 1153
292 89
3023 3363
1569 443
1761 4408
2902 1464
1649 3185
3492 3132
2048 1197
3583 3798
2625 444
616 3508
202 433
3336 4003
291 1827
4214 3138
1801 2622
423 3275
2059 314
3860 1227
930 475
773 2370
2385 390
1711 102
449 510
672 3608
1756 13
1012 1249
3414 3304
3202 4310
15 3064
3338 1160
2807 3106
444 2425
811 7
1320 567
118 4287
1494 690
4340 2654
2373 1677
1633 1157
3731 1821
432 3279
2874 871
865 822
3516 4304
1316 4211
484 4425
4034 3079
2237 3372
3969 975
661 2514
4338 2338
1880 4437
3018 555
1350 1909
2062 2690
608 144
677 4302
4153 4359
501 3439
4075 589
831 272
1513 1499
2286 1833
18 1207
2286 2834
4485 1786
146 2302
1549 2161
2450 2023
62 4496
3998 1074
1026 3595
1211 4079
396 509
484 4430
4041 2799
2455 1491
720 3615
1635 2413
1889 2145
763 1773
2552 652
220 3524
3460 1389
2334 2950
1411 4367
2079 1528
311 3875
3759 1184
4199 4304
3250 786
181 1439
3173 3944
3204 1613
1779 3652
2525 4145
975 3112
2906 3574
1826 4233
1911 3004
2873 2997
1293 2886
2889 3446
2121 3837
3714 491
266 2360
4036 3468
3545 2286
547 3501
4397 4305
4418 4336
151 750
4038 2420
2270 2198
2689 2594
1267 4144
3353 2675
1158 1291
2168 4179
922 109
2499 2925
2842 131
514 47
3630 3662
1652 2229
3878 171
4264 4054
3062 2598
154 3049
2629 1870
3843 1680
1057 3309
105 1412
2457 3129
1330 1459
3315 1354
3030 3713
1508 4102
2179 607
3376 126
4340 3727
1314 572
2954 1788
2847 1547
2436 3663
2071 3174
705 1945
213 380
4498 3445
2640 484
4181 2521
684 3808
2043 3768
4331 552
724 216
447 2948
490 1906
1379 402
3594 2274
3220 3186
2074 670
3565 3744
3816 2327
4439 20
301 481
1605 2340
4332 4365
2004 3744
2203 3486
1997 3876
4217 1307
1734 2711
1174 3452
4211 4407
411 2240
4136 1638
1706 4246
3510 1799
1050 3502
131 1664
4306 4322
474 3909
442 1214
329 1743
4202 717
3907 474
4259 2874
681 2479
2490 1694
1862 4026
3537 1171
1697 585
977 3904
512 2895
3958 3047
3842 307
4351 795
2053 1779
3995 4066
2021 3282
984 135
1807 1204
2319 4039
1064 4098
1204 671
4089 3439
3592 3964
2227 2228
1390 3735
1270 1044
2084 1927
3412 728
3471 1475
3794 2265
42 2014
2272 2083
2668 3311
1041 1429
3505 3899
1075 368
2729 3398
3998 2063
3888 1550
14 1654
2197 3951
926 3249
1931 1982
4150 4051
2330 4072
3503 546
3008 2182
1157 3168
4464 559
582 2876
3582 1734
3025 1235
3970 1039
3389 4196
2500 3282
4177 538
4106 4324
3124 714
3627 2502
3354 911
2600 2623
795 3060
1713 895
1600 3500
863 1918
143 749
2856 2697
2332 2044
4041 386
4042 4281
1566 2449
217 2327
1097 3319
526 1882
1548 2505
4068 2549
3896 3980
2804 141
2322 214
3571 128
3000 3364
3088 2058
3300 3394
1485 4315
2775 3341
2391 2525
2071 324
1898 2077
4010 822
1776 3968
3155 3435
1511 3293
1304 4324
103 1685
2711 1049
1363 1782
993 4481
3671 4337
1539 4095
2804 3516
2508 2178
46 306
1416 493
1760 1525
4278 3427
1395 3181
3677 1937
80 62
340 3252
1999 2537
1177 2945
3868 2418
3792 1470
3605 3715
213 1269
2103 1135
2738 1724
1693 2806
2082 1679
2011 1608
4485 2622
709 276
3790 1044
1651 3574
2239 3204
2899 972
2050 3737
1782 4325
3902 2853
1296 34
1999 3554
2730 3966
1822 830
3774 3131
4330 4062
3821 325
3932 3243
666 3253
1062 1353
877 4307
3797 3974
2477 2378
4325 1086
1045 60
3940 1685
3597 3669
3615 1068
140 3846
525 2371
3932 312
4258 3511
781 1504
2957 3071
2976 1692
4260 1726
3287 2707
2698 196
3377 2897
4345 85
3976 3554
1704 3905
2326 1599
4231 2832
941 3003
4487 1565
1183 2755
2387 1751
4192 1712
2511 519
3167 515
4238 3816
2575 3903
4265 3362
4335 1806
713 1996
354 3189
771 4419
3913 505
4078 2330
3638 3966
3452 2373
2398 1459
2615 71
4091 218
10 2552
326 3258
2178 624
26 3062
2626 2527
2360 3433
2531 3623
1016 3374
349 432
240 3146
3657 878
2373 3493
2571 1313
3198 2252
183 437
654 378
3506 83
3635 2718
3443 1913
147 2035
1454 2983
985 2471
1153 51
3160 4114
458 4044
3711 2810
3847 1686
591 3386
1913 3792
3672 2836
1571 3697
4441 3622
80 2997
1532 2578
4359 3521
1303 4260
2754 4373
1959 780
4137 889
2238 1359
2485 3058
1213 579
2922 1295
193 649
1297 1392
1658 949
2122 206
629 2896
3118 1126
1170 393
234 2953
1563 1301
11 4365
3801 3856
1082 3618
3200 3634
1514 2582
7 2537
1150 361
2476 367
4292 3400
2196 1965
4213 99
1872 2379
810 3836
2972 4398
3740 4041
2627 1240
352 3522
2704 2669
2816 3426
741 4136
1624 3372
1966 307
4382 1787
3562 803
863 1488
4205 3065
3093 544
1883 3926
3587 2190
3560 2266
2036 3309
396 3984
1205 2540
868 2453
4327 3716
2850 2271
664 1542
1643 867
1482 313
1735 4281
1984 3492
4254 1116
1539 3310
2452 4388
2579 2021
3712 184
3998 3768
1563 1641
3407 3429
2417 3488
4054 4150
2105 1177
1437 668
2190 4364
4043 2730
2720 1894
1352 2260
2065 4123
2699 3419
1171 1888
4048 2108
2316 3541
2466 831
4104 1642
2808 1221
4109 2543
454 2
3353 1776
159 1228
2064 4352
1239 865
766 1641
2223 4195
400 2531
3304 1539
252 2159
4418 130
1595 3474
2517 2430
1531 2587
1601 883
2117 2259
626 974
893 2961
317 2844
1748 612
1476 2049
1758 1058
3584 98
1434 2220
872 3218
3564 1537
498 2570
534 4481
1917 883
3163 1190
1747 2140
3452 887
759 1839
281 595
1879 3123
4069 3508
68 4031
3515 4190
1741 1838
2925 1708
779 3182
2051 1240
3374 3950
413 931
3009 1138
1489 1438
3853 966
3528 174
2666 2104
3359 2469
4444 3832
1081 627
1512 2670
1192 2177
2524 745
3443 2629
1946 842
3858 2088
3663 4389
3387 447
1178 683
1210 2856
4012 2781
1371 1870
3946 2922
3493 647
1311 3355
2844 1180
505 725
2225 3356
10 292
1356 2090
134 4162
214 1722
462 3582
803 3004
801 3150
1325 2964
1167 1045
71 4114
2541 91
2422 41
937 261
2853 1579
2008 2500
1563 4197
370 1710
1542 2720
4014 3307
1208 632
3311 2410
2003 3364
3161 776
4131 3929
3856 3266
1963 435
2791 1287
930 326
2837 2633
1785 3504
1080 3752
3209 1281
2518 601
3971 2877
1416 1420
1050 622
3877 1613
2708 1072
2831 1184
2155 1028
3536 1159
1863 739
553 3964
2567 1847
611 1451
948 188
4169 2173
2621 3587
1029 497
127 429
3790 3104
244 3030
1099 496
2796 167
4315 1520
1324 1071
3821 4290
1842 2635
2890 3541
718 2943
804 1690
390 3211
187 888
4499 3286
3498 1949
34 3436
1781 2073
1474 102
1986 3310
4315 635
3338 2494
22 1967
1292 4032
4044 3727
1114 58
4086 138
4498 1161
1648 1819
1526 384
3895 1101
4445 1802
1345 2773
42 2508
3508 942
334 854
2489 2165
4098 4244
2617 3629
694 3545
3520 674
3395 1635
2743 1920
4283 2583
4000 2545
2242 963
4184 2498
875 2394
1641 3244
2674 3892
2106 2537
1995 702
194 2956
1462 3693
3385 2394
2510 1578
3522 1878
1691 3910
996 2458
2689 3348
3278 1048
1938 1638
4101 143
3917 1058
206 4349
2627 1819
4115 3150
4022 3668
3601 4170
1197 3040
4488 1170
1342 2695
3417 1322
78 4267
4393 1862
1470 1838
1603 1608
3899 2050
1228 3211
302 4096
525 4161
983 316
2836 257
3822 3384
3217 834
2638 3296
117 934
659 3383
2801 3272
1218 236
535 13
3725 3096
2294 3767
946 3376
1997 3741
4246 2368
3791 1325
33 408
1824 637
3987 2969
262 1334
151 3707
2788 1232
858 3001
4073 4026
639 3552
555 3575
778 57
3339 3247
136 2258
928 732
1633 128
1373 1926
3595 4440
4047 1110
4097 3159
4094 1977
846 262
2177 1033
3336 2928
462 1737
987 3463
2722 4370
1428 2606
869 3898
2040 722
980 55
2055 2750
4186 600
257 2653
259 4122
3993 604
2469 1159
372 1725
4168 2962
1434 1929
4335 2927
923 617
2098 4002
1225 1991
4272 4099
1664 4281
2592 2248
336 1159
1765 2112
927 2675
306 2593
3409 3955
1310 2989
899 774
3695 1172
2121 2351
729 1098
1317 555
3039 2237
2488 1706
379 245
1202 2600
2249 2347
2415 3305
1 3068
1925 4219
2308 4362
3926 566
3309 431
4396 1334
1737 2470
1268 3141
3298 1316
2470 4288
4462 3500
1670 430
3780 1184
3455 1256
2002 1105
1089 1267
4330 3078
1978 2092
4238 2952
2791 3682
2206 3961
1779 15
1420 2659
1757 3591
3425 2271
3734 950
3449 2304
535 3786
1620 2261
3296 3465
870 884
914 566
988 635
1678 226
712 3899
2151 3230
526 3780
1400 566
4179 3090
1771 2921
144 391
2544 3429
637 2897
1989 2211
852 4311
3240 1267
3832 4426
4155 3109
435 1444
3135 471
1071 1935
953 719
4061 47
2201 630
517 1802
749 134
2713 127
1829 669
1751 1350
4254 1247
4102 1302
1379 1673
874 242
971 2592
4392 3869
673 1979
4435 4478
2633 864
2769 750
4195 2759
698 3326
1320 505
1367 2577
4405 3539
473 2480
3408 3886
3341 2889
3317 4121
1369 2444
165 2047
908 3586
1797 4257
3287 4347
3978 2039
1435 2918
349 845
848 1680
4189 3021
1556 1959
1892 3300
4156 3804
1143 1552
4130 393
312 2780
3323 1097
3413 2928
1949 3456
3604 3252
3977 1543
3206 3841
3007 3476
4126 460
4109 1212
3886 415
3056 161
2380 1173
3491 1541
2585 3429
3509 2016
732 2329
4262 1099
2635 2891
2778 267
3721 3003
2541 2567
2725 2603
2266 552
2941 3346
112 2259
3228 4318
4110 2440
4267 730
1708 55
1583 3907
1372 560
303 3440
3277 1755
4337 4317
3642 2731
625 3107
728 3652
73 3783
3684 2805
735 1693
4084 4127
3190 727
2400 3364
1339 3437
467 3882
550 2697
2465 2045
2524 3640
4278 3326
1632 1791
62 3437
3706 2959
3976 4400
2593 2143
55 1794
733 573
3484 4296
1365 3077
4122 2341
1785 1302
1533 3097
3709 2814
1383 3526
4322 4340
1090 114
792 3449
2195 1537
2259 199
1992 2608
466 1438
2625 2521
3313 3050
1585 2586
1036 4034
112 2206
992 4232
4151 1094
1047 409
79 219
2928 4189
4068 3127
831 1402
4094 978
1031 816
2732 265
396 4067
340 1851
3632 3760
4455 3569
4278 2585
1329 2692
3290 457
2403 2807
1823 3038
3986 162
3380 4297
2801 4119
488 4392
1445 2043
1563 3353
4020 2560
3976 1728
3808 2876
3897 52
2421 3212
3050 1581
4455 563
3833 3481
1870 2203
2596 1751
1854 3119
2622 1380
2802 724
3147 1427
191 3101
1673 2841
156 3082
1953 3342
2113 2960
166 1759
812 1795
2753 2652
3778 2517
3262 3586
3494 4375
2855 3494
687 3963
2066 1826
3923 1054
1200 4320
3175 3130
2928 1921
62 302
2878 1908
2078 3587
1539 782
1063 1937
2858 3347
4111 3926
3969 4486
2455 1223
622 56
2843 1966
1100 3856
3430 2025
3694 482
4295 2503
2069 3096
3355 1696
2910 3607
3706 3304
2962 1288
1289 3607
967 1978
260 3479
2829 2376
324 1022
2734 366
907 2708
80 1224
47 3036
1731 1610
2910 1061
3129 1588
398 3826
3082 1606
145 720
1558 3197
3332 3792
1743 3450
3674 3963
645 3651
697 257
4121 1511
35 2741
2129 1420
3786 2972
2011 687
1707 2621
958 1557
1737 1974
146 3938
424 2181
164 50
3793 2585
4002 137
1880 766
1 155
825 2484
693 2673
294 1717
2950 1397
4461 1168
948 3949
1307 3293
2479 3770
162 1291
2112 3577
1707 4004
3368 1440
3526 2083
1304 3084
2147 702
4080 428
418 3336
3883 4439
4321 4474
1957 1006
1798 4002
1334 3971
3379 3574
3680 1506
1564 3133
2478 4392
27 3191
2794 4203
3619 455
2153 1025
3654 685
2416 1922
2874 3626
3099 4350
4045 1836
781 1661
2797 4387
1156 3821
960 1146
1296 262
3164 2400
547 4290
178 1056
13 277
4397 3174
3797 1224
4244 1739
2580 975
2961 4148
2961 4264
3482 50
3310 481
2676 1422
2119 803
4322 2958
2950 4077
1325 1203
3708 3112
4366 890
874 2537
4174 2627
2177 4393
2899 2328
3900 2398
2846 3133
1430 3362
732 1656
3201 1740
92 70
4328 2166
204 3494
3871 3954
150 2308
4122 3182
3353 2521
4374 3834
1288 3431
4425 2457
1148 283
4118 2641
1912 1456
2718 1485
2796 1136
3455 268
1500 1342
3646 4451
3283 2376
805 1500
927 1845
2256 465
4055 3653
597 934
2745 1267
4143 2692
4369 2932
773 842
3502 1204
1971 543
2198 1318
2246 1731
2059 3722
730 998
4313 2158
829 2664
3893 3876
1061 707
1132 4326
1084 2043
2202 1484
2559 2362
956 2102
1340 3543
4360 730
2959 999
2071 490
1897 1729
2438 1471
222 4
2134 39
2840 2081
1588 3685
328 4305
700 3707
3106 3984
4463 488
920 3838
388 4224
439 3915
930 3569
4363 257
3067 3455
4284 2500
1989 1744
1345 2945
2448 2629
1004 2448
3683 2110
4339 1856
2274 3211
4385 911
75 3264
1769 2236
2052 1085
1934 2844
338 2336
3403 578
4388 519
3306 4283
2591 2316
570 4024
980 2954
2903 3590
4107 4420
1108 2099
942 3525
2916 2472
2733 3637
4313 3284
3502 2459
3016 1307
1337 3422
1864 3433
1834 2795
1938 1577
1490 445
740 3463
3612 59
4122 3545
104 4137
3695 2834
3639 4140
1899 29
3395 518
1560 4326
4462 329
48 4263
2820 3402
2683 2414
1399 3613
316 1232
1412 4224
434 249
50 363
817 2332
4459 3109
289 3850
2260 2914
1960 4362
2507 4027
2101 2829
537 4134
4180 2973
4150 231
1233 135
4010 3791
3769 243
3050 2842
4161 1174
1312 1790
3330 3834
3346 327
3807 3535
897 502
1204 707
3905 424
826 3758
871 1668
4231 2834
1214 1569
3979 1654
789 612
2173 1341
1036 1843
2684 1333
2761 614
4450 400
2140 1231
187 3184
1841 959
3016 2475
2284 3546
379 3482
896 2496
2983 1744
1058 3831
328 2878
4434 3406
1837 291
2279 1618
775 3081
720 1095
2244 3004
1105 676
525 258
2049 3994
3068 1838
2920 3671
3950 2779
958 4138
3157 927
3710 3166
1060 3098
141 4048
1260 2025
3730 1052
1687 3108
2806 3444
1627 2329
4112 2897
3364 4404
4398 2000
4451 2838
963 1612
3275 746
1431 2635
4497 4121
3681 3428
3896 2467
1403 90
1659 1258
1258 2116
2886 2041
4454 1213
3083 3191
1291 3454
1654 1032
474 4318
3489 1800
2060 1557
1306 3473
2964 2776
1838 1603
4316 4020
3451 282
1940 2050
3319 1827
1700 2396
3105 4139
3897 3098
2352 2565
1898 4496
2422 2070
1534 2338
4336 2348
1081 4291
2172 26
3901 4271
1378 812
1017 52
3139 1741
596 768
1761 1115
3407 2076
4246 2830
647 2466
1132 1989
4289 135
3449 3897
3329 4196
4047 2394
3018 4400
3653 538
21 310
1059 1773
1904 1332
3342 2081
2885 3009
2173 2804
4072 3716
4205 2833
4292 365
3350 1127
3316 4190
1653 163
3553 2048
2882 692
86 856
3736 1648
3257 1744
2955 2286
3600 2343
2890 4482
3480 314
4461 700
2256 149
1879 147
2327 2481
237 3116
2448 290
3505 2102
4481 4435
3557 533
2981 436
1993 413
3896 3061
4413 2546
884 1877
4389 1612
1235 1362
3680 1111
3522 2819
630 483
1605 846
431 517
3479 2760
3801 2073
2483 2221
347 3808
3022 3432
2432 2313
3999 2982
4164 1920
3807 2106
4465 3860
4362 555
1066 3387
4054 82
4107 375
4177 3010
780 2828
3578 1540
2006 3607
1569 1154
2962 2253
3781 2868
1834 2960
2799 501
4020 3201
1325 3590
4153 1830
2770 1187
3968 1534
704 1547
1998 3983
2740 3845
1078 4109
4101 4403
929 2883
1687 1599
281 4438
3348 4141
459 3712
4112 991
3770 2389
1441 1515
2594 1804
3429 4229
2869 3604
733 645
3566 3473
140 853
3617 888
3859 4296
4332 1065
2736 1988
3113 3307
2055 3014
3051 1534
1908 4208
1324 214
4367 4227
4314 782
3543 1841
2007 4440
1111 2948
937 3104
35 4150
2832 2899
4340 1084
883 1163
2160 1215
1695 867
1648 3680
3702 2095
3570 1744
378 2495
3647 1368
1847 2600
3073 1883
3275 3727
518 1095
594 1670
2203 239
1592 3547
4382 4485
3841 2737
2952 1964
1852 1602
3377 870
4038 4411
3189 4383
1467 539
4485 4497
3324 532
3479 500
2536 1538
2578 496
1159 3046
1244 4198
3005 2942
46 1497
1137 1246
242 2909
3315 1914
1256 2090
3098 2487
4080 323
3046 1013
47 3875
2596 3806
1402 3310
3494 2187
191 729
1508 2238
4232 757
841 458
3275 3406
2508 4111
3778 139
2201 148
2819 1177
2327 1045
1766 1791
2552 2238
31 492
2342 1185
3527 4022
2558 2622
1884 1503
3614 904
1653 4327
1858 2017
4417 682
2939 1433
1430 503
1301 4317
2341 457
796 481
2361 2994
3015 3489
2353 4454
1502 2606
2713 4063
122 3797
1354 1128
4047 2281
2774 1636
3691 2765
1729 1071
4425 2709
3021 1355
3259 1136
4437 413
3138 718
2758 3521
277 2891
3607 2650
1234 3560
3767 3986
2842 4046
2571 1825
3416 1925
1191 412
1901 3348
1494 510
2977 2405
2463 1702
1 4466
575 1770
3055 2646
4088 390
3757 4224
4182 498
4496 2201
1335 52
279 1132
1615 1350
3849 83
2041 1159
2538 1415
481 336
3890 4296
320 1330
4069 1485
2064 3163
1275 326
312 140
681 1986
2788 4173
2136 3887
2685 949
2037 1818
3094 2282
1461 1989
3344 1789
3492 2224
2888 2636
4295 2386
1649 253
3282 2328
3860 3526
1083 2184
687 3392
999 2755
4043 1468
1953 1231
3894 2536
319 4142
2920 116
2659 1306
2782 3075
1682 3323
2327 1329
2830 2904
2729 2882
1518 2528
3537 476
4311 3020
1041 1119
1001 2280
3723 1591
536 1395
2551 3111
3257 2540
2597 4129
453 1381
3940 3363
3886 3374
696 2627
3889 3954
1294 3035
336 524
416 541
582 2975
1854 2991
1444 1647
1974 3815
777 1780
1739 1087
832 1231
3404 1001
3607 2571
70 3261
2833 3741
3258 778
1611 3784
1476 2133
498 1659
3165 1975
2898 3392
3754 3026
4407 1836
3499 1923
987 4360
2495 4315
1122 3396
4326 2566
287 3030
2700 2530
3469 2945
543 2992
2694 4162
2637 1511
3646 2455
52 4242
686 3497
2071 136
3033 1398
3544 2525
2862 2834
2455 1557
4077 3182
81 2294
2959 886
4076 4351
4323 2213
3429 3881
2074 65
892 1496
1335 2283
4449 3514
2011 2379
514 3774
3309 3813
1596 398
2992 1059
1971 800
1340 2183
1495 849
3921 1793
2374 1487
110 56
262 4193
1822 1247
3631 3643
3798 3753
2831 1028
1347 852
2942 931
1176 3140
2198 1586
1244 3752
1296 156
3320 2540
4497 1989
3239 4257
3301 3390
2868 2206
1113 2291
2535 502
3475 3865
509 2188
178 1179
690 2046
3994 2904
3051 282
60 3610
645 2164
988 2161
2268 3747
1253 3325
3982 1520
1932 231
3876 1490
4134 4057
1788 3877
1794 4117
125 1699
3768 4263
3160 327
338 2564
3927 2140
