1
4500 4500
0 8192 914608 444335 143223 2 430576 201221 974697 2 65536 0 64 256 728327 567310 465591 128 48910 1 1 859208 0 68081 16384 194250 416699 524288 524288 4 32768 778622 128 0 65536 326875 651148 4 798413 128 2 1024 16384 416244 0 484312 8 567691 24390 704057 2048 64 321335 128 557889 0 262144 967397 16384 257785 2 16 565112 159077 231409 65536 0 998484 150637 842068 283308 853998 351778 182314 109567 32 617811 0 884457 524288 583760 108722 581832 32768 262144 352055 1 2 0 418092 195306 314932 944121 524288 8826 33755 353673 16384 2 0 548040 111205 2 186765 2 2048 1 512 469601 16 0 256 46323 148629 17966 524288 966953 4 391756 268859 524288 0 28773 488533 16 320348 650862 512 236064 8192 646418 967038 0 4 65536 1 778723 128 615366 62172 395032 681339 128 0 262144 8192 725737 16 27933 514201 751092 262144 296697 805612 0 8 16384 968741 885646 2 636416 512 2 72202 8192 0 151974 150389 525385 262144 544680 406069 4096 481715 1022480 32768 0 471046 32 4 4096 62134 262144 16384 828841 985340 262144 0 785725 262144 524288 488712 32 646251 32768 524288 8192 263621 0 498527 786448 397166 1 899591 2 610726 16384 1024 994529 0 64 2048 456823 330707 728526 32 312504 869919 860429 46220 0 64 525110 757604 32768 678459 4096 8 256 661171 16384 0 8192 189365 665912 973379 315824 4096 351891 973378 23753 256 0 657949 655585 490475 56168 32768 34876 256 256 443369 8 0 527589 49062 131072 32 606681 939234 622657 423033 1 2 0 648631 1024 8 810189 32 303261 756403 930119 89683 360566 0 2 645510 32768 406036 380512 81214 116023 3781 866100 528609 0 195619 65536 107326 1006093 874444 32 298617 334685 103511 64 0 16 921107 8 728734 341600 512 536927 65536 16384 2048 0 524288 125573 262144 262144 853538 579989 65536 997990 512 1016009 0 1024 8192 8 8 16 16 131072 32 131072 595321 0 426980 316407 4 32 921611 1021364 115476 64 990657 195003 0 659721 297911 290927 1024 16384 16 418707 495582 16 4 0 519227 16384 32 174664 16 262144 32768 8 497137 931845 0 256 29819 256 138788 967871 545789 128 8192 128 2 0 212452 16384 1024 32 16384 131072 885702 576522 1024 2048 0 1 8192 416688 983654 326806 32 724214 338915 262144 32 0 524288 814664 32 399341 187986 523500 740071 284732 8192 262144 0 1077 4096 262144 952602 16384 282511 1024 333772 256 749963 0 64 849936 589181 131072 921146 32768 329462 524288 512 186208 0 131072 170424 887338 2 1019746 128 517918 4096 16 585027 0 730366 262144 353413 309413 165539 880553 557591 256 404630 32 0 220348 364358 2048 277924 562783 296977 559916 16 8192 65328 0 389563 262144 524288 432829 322960 980569 856856 141741 887489 776932 0 129921 655595 606842 32 2 256 407899 902332 131072 231405 0 1 65536 230002 8192 8192 128 262144 151485 45715 325732 0 435275 640338 949992 4 65536 4096 854912 721265 178110 831886 0 1034840 689411 16384 8192 26292 1 118709 1006221 4096 32 0 1024 262144 203234 385174 16384 340107 1026518 512 353947 8192 0 4096 256 156206 681732 262144 895454 243577 256 490803 669380 0 989805 131072 2 1 156955 128 4096 131072 32768 256 0 28805 8786 761908 675784 2 512 648705 76886 256 8192 0 142062 465956 788459 131072 736541 21408 16 857738 577547 4096 0 32 16384 528748 8192 918232 18781 262144 4 887520 220954 0 32768 660557 16384 8 521692 860459 642486 256 172625 27707 0 383965 654055 32 2 4 2 750043 542529 980570 570566 0 4 817728 998850 280717 288114 537781 257657 924019 962118 524288 0 16384 29979 400566 16384 131072 240188 64 1041186 43031 256 0 512 482992 787514 32768 292007 187746 262144 712829 419839 4096 0 723798 681184 626773 15548 402779 16 8 746488 512 1 0 276124 94974 256 531990 4 558657 306508 938690 952870 160687 0 8 2048 892024 65536 53610 412382 4096 65536 696185 8192 0 743390 640432 268426 256 8192 180655 35693 799012 4 512 0 845273 16384 979527 709502 158670 256395 478579 65536 16 512 0 62607 256 444236 1043652 16 769145 668384 256 4 923435 0 128 316786 962276 210806 423245 64 116142 778660 1 554973 0 715990 4 262144 16384 856218 365630 827626 572739 295495 262144 0 853033 2 65536 4 506955 256 32 524288 524288 1 0 888727 8 2048 32768 2 515222 4096 713604 256 64 0 4096 440588 369064 900475 101854 1024 184806 512 16 448776 0 457184 131072 1 612516 715125 183261 65536 14814 4498 512 0 2048 164157 471197 4 65536 471430 309841 49454 920672 1004343 0 128 263859 307574 459530 32768 93542 512 196539 128 256 0 459557 353673 844269 34366 115384 131072 668434 8 64 410043 0 2048 4096 377897 32768 64 387115 2 559390 712668 16 0 3031 1 548126 32768 645535 4 80843 524288 800814 65536 0 409322 144909 65536 1020118 403274 351884 836796 64 128 952662 0 65536 586017 32 143823 542144 64 430092 926686 256 16 0 512 348285 2048 262144 197469 524288 8 524288 256 262144 0 4096 537799 336267 2 16384 262144 480687 65536 700321 4096 0 816363 869177 8192 2048 524288 588392 659418 4096 922553 898078 0 472568 512 202029 361726 665805 32768 122832 1 177734 512 0 59330 131072 43247 2048 290261 493870 43517 16 524288 165920 0 65536 161692 658397 524288 883214 4096 971346 669853 8 524288 0 133114 64 393039 65536 421369 454806 65536 8192 1024 2048 0 65536 8 823273 255385 82998 754738 795976 237367 367952 1041484 0 65536 1024 1024 256 582563 256 32 512 4 16 0 524288 16 626640 229317 482880 702476 65536 393254 262144 386086 0 64 1038830 4 274755 16 706524 741848 470076 752317 421051 0 482151 16 1024 202461 770301 896291 657209 499970 1042773 128 0 542044 2048 128 587637 534103 1024 610867 1 715249 374743 0 512 8 8192 595723 190426 388449 511282 1022879 256 627894 0 412195 534673 389334 524288 562494 64 447153 964315 16384 613490 0 248969 262144 131072 2 382434 524288 494122 128 614492 262144 0 4 32768 128044 714404 713732 262144 1041927 16384 1047951 16 0 16 727008 2 539874 389492 65536 855636 4 524288 606058 0 97589 512 2 16384 702175 32768 65536 1 967728 831825 0 976708 4 32768 71544 594130 975960 710712 98906 772866 432867 0 945440 32768 983112 347909 632919 58044 128 709408 146964 32768 0 4096 8 326896 512 524288 131072 785522 861280 4 2 0 466323 678218 301475 295031 8 860496 8192 2 1 601734 0 8192 197722 32 52134 398047 1024 1023923 998156 16 64 0 65536 300811 1024 193129 647617 256 296504 189105 332774 778522 0 8 998676 865729 939141 933189 974816 4096 4096 529437 1042967 0 754134 524288 262144 757684 512 8 128 895954 512 131072 0 585578 84406 65536 64 524288 4 625859 111811 256 366866 0 4096 715386 316696 32 16 893331 32 1002107 32768 128 0 322664 32768 540057 4096 101059 397497 609907 74834 274082 573505 0 16 845163 630273 524288 989965 524288 197037 512 474149 256 0 795832 530643 738444 131072 541299 612693 256 131072 8192 54694 0 654835 430170 16 121241 472115 512 1014942 537171 65536 1030085 0 255197 385861 212530 72043 896829 28087 16 269954 32768 8192 0 1024 262144 256 818329 16 65536 512 1021264 512 140765 0 128 815190 32768 125400 720125 1 8192 810902 497051 4 0 4096 76333 895241 279463 515263 666563 128 4096 863827 16 0 270579 2527 221984 612838 65536 2048 661465 524288 1 16384 0 16 32 77092 123790 32768 32 888333 65536 128 512 0 2048 474555 500808 4096 16384 256 379529 384621 512 4 0 975993 262144 1003206 2 808321 724072 4 1 64 128 0 944592 707503 313666 459302 32768 8192 983903 458205 524288 337542 0 16384 500468 131072 32768 32768 712175 65536 865048 2048 271120 0 8192 1 664362 608525 65536 16384 559264 32 1010798 718644 0 394623 2 814878 18561 916939 32768 326295 393443 915343 131072 0 286665 16 278675 512 8192 549530 492579 16 4 276592 0 903205 179591 433710 262144 542549 305860 150920 16384 663172 363597 0 262144 596241 84070 262144 2 331697 4 262144 167410 246125 0 785737 913814 8192 209876 38505 262144 969970 16 39940 131072 0 32 335626 596620 4096 686870 675917 59454 4 4 805001 0 1018809 821593 16 886403 195413 4 131072 128 301411 32 0 188674 16384 220988 32768 920178 843194 32768 507333 544425 32768 0 310789 793761 731607 767636 862884 613058 1030958 719019 963320 64 0 351958 666402 2048 974915 2048 4096 32 266603 4096 128 0 148425 974585 290418 16 256 366539 620559 848599 964018 125075 0 427743 256 32 746623 1 64 16 28931 997814 256 0 787232 2 237806 948358 512 16384 852776 150496 524288 855956 0 432049 256 32768 703573 16384 708785 167557 122987 16 691601 0 60297 4096 8 262144 256 427592 318354 208321 2 967919 0 198069 132407 727846 343643 256 302230 256 8192 587010 65536 0 353042 256 719520 32 377345 350901 8192 318124 32 575321 0 524288 2048 1 50383 1024 32768 323114 32 312168 837528 0 262144 927158 523769 8192 258630 4 1035811 495159 115509 131072 0 2048 960211 282713 616774 330215 1024 843973 167035 398890 32 0 848492 945533 585182 507656 262144 32768 1024 633372 888898 8192 0 305559 32 579976 605595 1016745 758145 413586 256 740054 808939 0 522855 524288 791366 581172 512 226343 8192 270259 683825 773968 0 599421 32 33292 929880 8 1037596 8 402850 262144 889412 0 128 256 65536 2048 825999 134077 8 676568 4 32 0 816792 94118 742415 256 397902 465344 22218 707616 8 1024 0 368689 8 131072 404715 647633 64 2048 262144 1019095 131072 0 281907 256202 32 16900 151603 2048 32 524288 4096 8192 0 436664 157804 354017 512 1 720024 65536 128 2048 193521 0 32768 4 147802 4 335061 3016 653746 821230 374533 256 0 233135 131072 589103 853155 64 131072 12488 275919 269934 524288 0 65536 524288 8075 204948 924139 32 524288 109319 977740 91458 0 763507 2048 155999 430103 4 128 789501 4096 256 685451 0 362160 1045565 128 512 296652 8 950800 688935 64 974954 0 398263 262144 4096 639193 72070 32768 401709 203111 694327 618120 0 8 32 205186 714708 418462 877777 559826 256 524288 2 0 64 924755 1024 8192 854476 131072 541125 206524 8192 8 0 411233 1034945 260224 2 65536 1024 65536 412072 32768 1024 0 374891 641729 251032 519565 487339 1 2048 795303 1 447851 0 32 296455 953612 2048 2048 512 899199 719706 32 744767 0 1 927937 224435 4096 262144 256 153529 68158 985571 948737 0 672401 776999 40629 32768 16 32768 539533 576169 585793 2048 0 1024 2 1024 860782 1024 189384 4 32768 533657 820271 0 568287 262144 920468 32 502563 30199 725693 8192 4096 564923 0 1 240488 16384 8192 1002571 88995 32768 347463 1 23427 0 981432 996592 563147 683222 262144 874841 849389 8192 283711 984978 0 2048 131072 701718 205523 262144 262144 337388 131072 893687 65991 0 16 150648 2355 203328 262144 432636 473339 725612 352617 65536 0 32768 65536 32 16384 156977 566720 32 399592 584551 834014 0 2048 724691 793801 305587 32768 52924 347798 65536 357762 833158 0 131072 524328 918374 407495 845398 262144 32 16 16 718706 0 962606 659681 4 451913 2 662181 512 851810 190467 116954 0 64 708887 2 477563 655910 693425 387045 64 64 58852 0 2 941241 8192 256 4 256 911934 2 256 32768 0 251290 128 243546 635586 1 1024 670034 440789 65536 421649 0 231214 65536 65536 262144 32768 8192 425808 341818 721532 262144 0 503173 569572 862250 413635 889424 755307 347537 498122 65536 655541 0 638640 256 708685 1024 1 317674 860407 477147 408 8 0 2 517660 889331 64 65536 8192 262144 703590 8192 781303 0 16384 65536 131072 760956 1 131072 713913 262144 32768 965423 0 88004 4096 597788 32768 441933 161700 705752 64320 416237 128 0 1 877207 731829 330841 226157 881197 568583 967475 256 756690 0 345548 8192 510778 851653 337574 4 1 8192 512 738341 0 882719 2 854602 208903 2099 262144 320536 16384 256 773684 0 658570 2048 64 16 40354 64 747775 584518 322934 128 0 477036 65536 426433 512 8 811642 110536 78323 8 128 0 919577 545271 157648 458538 131072 8 916657 263724 1034026 1019120 0 649388 1 705499 4096 608665 22694 686466 64 131072 16 0 101578 661868 28153 202631 385627 131072 916372 2502 4096 223709 0 8192 992699 8 863923 131072 65536 990195 579651 281938 16384 0 8192 860828 765595 2 203180 778936 699279 546644 131072 135933 0 82228 4096 32 65536 376946 131072 2 116312 4096 64 0 532754 859652 943940 8192 615028 429560 1016658 162311 177744 4096 0 387530 781518 2048 262144 442546 981774 96483 64 323864 879808 0 138064 919030 911586 1 247699 498259 551814 2 8192 1038726 0 590863 64 350996 795104 1024 128 280262 2048 1 544288 0 16384 8192 1027829 171867 624781 4121 274388 1024 1 187222 0 256 24471 131072 771685 594073 131072 512 722698 547685 462558 0 583292 16384 567855 32768 526639 504973 477508 642567 882753 117840 0 1 1 259414 888277 8192 262144 4 1006661 4 661391 0 8 599859 2048 797702 961403 4096 128 936707 495658 4 0 863653 254921 156307 1004957 861726 1045937 167328 207446 131072 505369 0 32768 1038966 1038654 32 185232 822772 403462 475972 2048 1013609 0 512 736763 262144 32 262144 868107 471516 262144 16384 637128 0 64 539065 306772 8 454229 721742 32 524288 256 2048 0 744983 8192 786284 984316 492236 8 32 4 19236 1 0 862590 302766 32768 913307 1020980 116126 879564 32768 350724 64 0 796117 625795 510902 1 918591 902144 131072 2 8192 66876 0 4096 1010314 260208 364166 128 32 4 419383 256 958828 0 2 743196 131072 269524 8 377756 872983 350571 678321 26033 0 16 4 737226 435104 1024 803281 1 524288 437411 16384 0 512 262144 67515 65536 16384 109183 134165 130070 128 402487 0 8 347361 99651 363160 524288 987635 517388 128 524288 32768 0 4096 474557 107284 908890 8192 32 1004659 2048 945008 726035 0 704012 894184 182440 478827 407978 32768 1024 8192 776110 292819 0 627822 112247 445437 1 32768 4096 988868 1 489091 1 0 749582 513274 801788 9063 256 930173 540291 229829 715723 1 0 41919 131072 2 65536 869198 607593 794966 1024 1 555232 0 8 499316 131072 16 1024 1024 70439 524288 128 65536 0 566653 1041293 249868 8192 373907 32768 30293 8 32 387212 0 338324 539791 2048 145571 131264 675059 262144 636455 23022 8192 0 131072 1029976 32 32 16384 131072 394506 1 332269 233433 0 65536 190694 622351 32 856351 294629 1024 16384 64 219406 0 817488 3538 599487 614852 8 131072 2048 256 853102 1002004 0 801769 1024 512 65536 519214 78536 184113 104963 16 804174 0 144054 32 4096 571435 16 1024 65536 827150 262144 421777 0 256 1005864 262144 524288 517909 630139 32768 32 601949 265120 0 131072 1 13064 898028 414517 2048 951958 2048 21491 128 0 32 512 912855 4096 1024 32 767995 1040821 16 8192 0 469693 249649 594543 187182 405422 362238 8 434814 32768 935532 0 278743 4096 4096 4096 73384 988864 2048 131072 196018 253336 0 233098 1019636 679858 224883 1 4096 944880 437562 80193 891182 0 222699 1001296 674228 1031014 256 16 771178 65536 16 227654 0 378341 2 8 743272 68106 4 32768 4 391660 4 0 438645 583615 213373 57353 804898 46565 65536 262144 262144 898840 0 524288 512 202858 1 475414 256 168826 559581 16 459308 0 468669 644581 65536 246081 341923 4096 792619 604282 32 1045286 0 256 8192 2 1 685987 16 4 4 2 477778 0 340840 784661 849837 173009 778266 252170 906461 64 524288 351967 0 65536 20157 207078 4 489718 997575 626381 520486 571519 262144 0 362418 625336 280431 131072 32768 888906 707090 16 4096 614059 0 921728 261438 438339 16384 586391 1024 232931 761305 128 256 0 362845 4 865221 553471 547732 522959 1036918 125966 873730 8 0 512 1041206 16 190427 100294 65536 94879 8192 622057 8192 0 1024 835170 87195 359927 512094 1 909846 512 670791 4096 0 717947 674608 939081 1007747 131072 512 841903 140173 819522 259835 0 1024 789020 579492 663787 66280 262144 2 8192 8192 892284 0 946053 350230 215645 30581 58337 65536 2 902794 885010 16 0 1034457 128 123551 751963 813297 1 76251 174263 418287 2 0 64 541159 1023193 4096 602362 2048 4 376808 825404 322077 0 183990 362558 256 133826 600436 16384 1005632 651758 4096 32 0 262144 699560 670654 1024 726297 262144 16384 971844 32768 565251 0 1 4 1 840161 1024 937286 61352 456795 65536 8192 0 626040 64 1009411 524288 65536 370793 732534 4096 32 613474 0 842167 551524 4096 1 296456 512 438337 16 291207 256 0 1035107 512 140836 4 1024 2 588061 491232 131072 960331 0 4 32768 16384 733642 1 8 336975 2 128 699882 0 165831 691947 209609 524288 32768 92494 537239 512 245544 856910 0 725949 1 556595 32768 598848 128 256 1 4096 131072 0 1 155934 239011 322966 32 826016 256 512 262144 591334 0 222969 32 499810 1024 16384 20706 269886 44775 374215 32768 0 524288 606188 8 927819 198043 545776 16384 554766 592334 2 0 262144 307173 705817 8 87232 738659 517769 443100 32768 934089 0 817233 256 150611 16384 247165 818180 131072 957565 50949 4 0 16 382291 571667 194086 2048 355915 1024 32 5446 2 0 896671 646758 8 544078 100400 65536 4096 1034321 2048 292574 0 2048 604990 706410 983833 221337 770793 114991 206539 147621 4 0 390638 614321 32768 128 235937 273601 8192 236638 32768 301364 0 65536 264137 216970 128 8192 262144 377440 971374 774839 16384 0 32768 262144 1024 524288 210959 262302 524288 512 131072 256 0 733184 896825 8 1024 82425 171652 612890 512 487851 16384 0 8192 64 16 2 2 834564 16 512 515549 483639 0 841764 493770 371572 68852 32768 320776 532651 912208 767002 4 0 620306 662701 562016 806576 770804 16 8 2048 52363 2 0 524288 27336 1024 842443 153763 2 131072 604605 420901 156986 0 941403 146056 748714 368420 327414 64 27972 723615 64 839463 0 276004 81710 603003 16 512 539355 524288 462403 718285 2 0 131072 1 8192 524177 32 1024 32768 321072 748365 32 0 32768 1672 16384 4 871340 67363 778200 128 289131 32768 0 2 627146 4096 273559 2 1041085 128 268239 8 1025569 0 481729 2 1 616789 415040 4 64 870812 557124 859428 0 897598 747879 4 32 8 891152 409095 1 65536 32768 0 2048 65536 32768 684138 4 64 256 972697 330494 65536 0 155954 881505 186119 512 2048 158095 788752 802030 32768 1024 0 256 575713 761797 2048 131072 519099 65536 8 128 2048 0 8192 253046 4 128 491429 389647 994456 349159 16384 830321 0 385467 224237 32768 313862 32768 652731 448310 762225 781766 2 0 64 476491 64 8192 524288 457253 32 32768 10776 256 0 1 512 4 16 642487 128 4 16384 290565 882170 0 8 871611 2 605232 2 706907 221319 16384 349924 979833 0 644800 408679 560422 672767 695036 64 838345 2048 157453 256 0 827040 941665 512 89899 994629 443083 908376 390194 741527 373799 0 647021 32 788065 549733 8 267919 524288 16384 1024 164690 0 524288 926943 16 16 382732 585953 32 476277 605050 822193 0 262144 524288 16 4096 992091 173668 32 128580 256 32 0 2048 769264 4096 65536 65536 179750 64 844607 301079 886818 0 32 16 359660 2048 687143 65536 262144 8 4 912135 0 8192 338011 863366 64 308030 468419 524288 858210 336818 490696 0 72466 8192 524288 131072 1010879 512 2 81615 808904 4 0 256 918921 262144 703456 411129 699737 56065 195710 4 256 0 825339 4 883667 55983 32768 904716 65536 196333 621918 524288 0 4 512 176414 8 476255 983754 348690 1024 65536 524288 0 4 1022362 711214 1 891177 8192 65536 1024 592325 131072 0 385243 342602 312914 32 591017 589617 32 2048 792201 127460 0 803180 628874 952832 32768 553640 4 262144 671906 4 256 0 130851 270698 206904 650755 128 64 367371 2 224675 32 0 293468 706361 495349 299028 65536 8192 495214 1024 32768 521764 0 44438 65536 64 140144 256 884171 65536 521764 32 278041 0 512 4096 1024 420371 4 524288 33773 16384 8192 262144 0 65536 899832 134363 794600 859282 16 1 55721 20944 359681 0 1022397 1024 448582 4096 836907 793486 256 204633 476130 131072 0 2 1 2048 128 599014 128 929125 464221 586292 256 0 262144 524288 688436 1004253 185462 877153 8 16384 131072 119407 0 524288 824983 256 264928 215779 16 465013 64 938985 4096 0 370891 1024 345785 1 444311 2048 512 262144 57142 450189 0 723096 622542 542119 13938 521108 16 32768 831171 250579 373647 0 16 256 898312 386023 595910 1002656 1024 907873 16 912833 0 16384 640205 941511 93280 298986 2 459992 1024 675412 131072 0 1018889 2048 32 4096 507924 578251 8192 118198 746724 863206 0 690366 297779 16384 384569 558398 415544 432300 512 16 663258 0 524288 8192 830058 8 730723 16384 4 571742 732451 2048 0 4096 246173 1007217 2048 131072 4096 482389 740092 32 97467 0 147232 262144 425800 356443 256 131072 984677 506798 4096 59866 0 16 277923 31444 56962 2 1036779 941790 4 872918 334740 0 262280 1 4 341080 550280 439125 64 1 512 32 0 982162 214275 65536 545592 751112 8 16384 1024 2 797008 0 113832 643566 153027 1013484 512 599566 499925 841254 64 203488 0 334855 965185 825595 145976 32768 205301 4096 905461 704600 1024 0 879482 128 32768 707786 2048 8192 131072 265160 22914 16 0 625449 670096 8 314695 32768 2 8192 4 282328 517517 0 460387 118947 863258 814238 65536 4 64712 548328 1044412 1024 0 485567 902860 571822 1024 380409 971833 16384 359903 599634 128 0 4096 64 2 262144 8192 803528 50733 1024 456697 8 0 57377 128 8192 579884 256 454360 96680 262881 8 859831 0 943873 269133 655566 601271 332854 262144 624640 800137 739512 2 0 2048 888865 117982 607216 174104 54823 149250 262144 321662 1033435 0 730196 195572 2 161385 521521 262144 696353 197419 484937 936072 0 8556 32768 4096 32 743743 4 852916 568070 32768 639392 0 8 338364 1024 555478 128 4 42078 489936 64 2 0 4096 32768 2048 32768 204452 51241 309286 506595 524288 407058 0 128 822472 2 24396 1030923 656038 1024 64 87778 913121 0 357751 1024 481253 8192 1024 32 530514 426113 891725 499989 0 586601 8 839703 663698 532838 8 1042188 4 1 64 0 612400 111735 444967 512 1024 62340 1033872 508689 131072 128 0 8192 228642 239442 8 641184 524288 256 524288 1 961043 0 718160 128 162135 4 211227 725131 4 65672 473701 524288 0 1011147 698042 758213 512 66184 32768 131072 470824 1041179 216377 0 256 32 52857 120061 32768 4096 84598 301208 303110 4096 0 607689 245796 655495 4096 235066 552126 140163 323869 32 32768 0 131072 861786 524288 979243 8192 816485 131072 512 85439 846357 0 749102 1 32 285355 878668 1 262144 16384 304925 691521 0 516708 643037 38773 787821 903117 427711 16384 64 742236 697879 0 236454 64 61826 743758 436937 437364 4096 556814 980079 94785 0 854088 276080 1043671 743173 869179 2 748787 8192 115665 961690 0 889052 840529 1024 13625 864041 843904 653051 131072 319892 955899 0 4 32 546534 786406 391853 1 8192 823898 524288 346534 0 524288 287290 382885 789588 16 64 328020 4 65536 768125 0 243244 109051 612945 16 32768 564425 519943 719491 57446 429244 0 304983 131072 520505 81620 16384 114683 249368 862000 895322 922257 0 575863 1 1027019 32 2 2 116393 1006812 64 512 0 4 32 948205 182637 977978 102446 851169 65536 767801 412576 0 4 32768 16 155969 4096 16 620735 628281 2048 3104 0 52072 32768 52865 65536 584622 675950 119528 639063 2 524288 0 720234 845216 65536 510204 524288 524288 594258 65536 16384 256326 0 32768 747635 131072 984443 81386 1024 354528 64 625759 16 0 2048 800772 65536 64 1024 141056 2048 4096 8 2 0 1000008 64 766447 1 620352 131072 8 393084 838821 262144 0 32 422640 8 313919 612517 32768 439291 2 294965 994145 0 411388 306557 43566 16384 184685 4096 256 16 938906 64 0 208806 2 782120 16384 6416 16384 25848 195428 131072 852396 0 262144 256 264363 262144 856532 581456 328342 1031698 958890 700785 0 163083 483571 128 512 203303 43208 673863 307067 1024884 1016923 0 131072 128 461902 2 527253 8192 668012 838875 205554 279307 0 2048 239201 32 65536 256 2048 411824 267299 181247 850099 0 834105 147838 12293 676713 90252 524288 131072 2 1045047 478310 0 1024 688653 8 518487 969002 372744 73597 65536 256 16384 0 131072 2 8192 64 1 307938 704613 2048 4 668582 0 263342 1031799 611239 563465 4096 680480 8 172755 16 654935 0 867901 8 371958 8192 262144 2048 937624 450425 765708 256 0 1024 869512 670120 512 254579 32768 726891 364616 757121 2 0 8192 4096 33486 524288 8 1044658 16384 32 2096 331749 0 937960 1014998 899031 256 181214 1024 1024 937459 2 16393 0 262144 2048 1024 256 16 128 434425 552576 673149 131072 0 4 128 895120 512 4096 512 131072 196520 510224 551253 0 256 128 2 128 8192 8 256 2048 65536 543641 0 32 1 693852 65536 921724 256 2048 319656 902697 387657 0 32768 131072 128 463456 8192 961754 262144 262144 32 8192 0 864775 131072 128 75091 127983 361555 618476 435282 262144 344451 0 4 131072 15374 278214 524288 808769 16384 4600 4096 410324 0 1024 720973 256 441096 139775 16384 4096 556195 624813 64 0 597834 165259 609103 16 16 841250 519302 487222 223668 4 0 16384 773637 262144 2048 365812 8 124884 65536 659941 32 0 8192 1 2048 4096 4 507603 464656 4096 8192 715242 0 131072 208943 837544 1 929191 2 742409 16114 4096 4 0 2 32 4 890197 77376 128 46404 1039459 327343 236368 0 13359 261347 384978 128 270374 1010818 8 271664 64 262144 0 524288 65536 695049 129184 151467 279449 2048 32768 165376 4096 0 1 862818 671774 402614 767744 2048 301185 2 2048 995440 0 2048 288855 799049 1 292092 139689 840453 665948 617273 65536 0 16384 309010 272266 16 864788 8192 262144 2048 8 146189 0 1034580 64 32768 556215 354496 469367 735194 2 4 1024 0 4 32 953727 325570 32 32768 64 984877 685639 529200 0 898009 365092 539134 1508 341864 2 422912 2 268869 154499 0 128 4 736690 8 1015858 242611 653757 765391 64 256 0 65536 433773 32768 616090 305365 325918 32 582650 594156 235886 0 256 64 8192 466167 2048 65536 384757 516211 135331 128 0 2 2 16 516865 822968 16 16384 20020 567143 467321 0 8192 115006 262144 334587 128 4825 524288 131072 348401 64 0
1 2
1 3
1 4
1 5
1 6
1 7
1 8
1 9
1 10
1 11
1 12
1 13
1 14
1 15
1 16
1 17
1 18
1 19
1 20
1 21
1 22
1 23
1 24
1 25
1 26
1 27
1 28
1 29
1 30
1 31
1 32
1 33
1 34
1 35
1 36
1 37
1 38
1 39
1 40
1 41
1 42
1 43
1 44
1 45
1 46
1 47
1 48
1 49
1 50
1 51
1 52
1 53
1 54
1 55
1 56
1 57
1 58
1 59
1 60
1 61
1 62
1 63
1 64
1 65
1 66
1 67
1 68
1 69
1 70
1 71
1 72
1 73
1 74
1 75
1 76
1 77
1 78
1 79
1 80
1 81
1 82
1 83
1 84
1 85
1 86
1 87
1 88
1 89
1 90
1 91
1 92
1 93
1 94
1 95
1 96
1 97
1 98
1 99
1 100
1 101
1 102
1 103
1 104
1 105
1 106
1 107
1 108
1 109
1 110
1 111
1 112
1 113
1 114
1 115
1 116
1 117
1 118
1 119
1 120
1 121
1 122
1 123
1 124
1 125
1 126
1 127
1 128
1 129
1 130
1 131
1 132
1 133
1 134
1 135
1 136
1 137
1 138
1 139
1 140
1 141
1 142
1 143
1 144
1 145
1 146
1 147
1 148
1 149
1 150
1 151
1 152
1 153
1 154
1 155
1 156
1 157
1 158
1 159
1 160
1 161
1 162
1 163
1 164
1 165
1 166
1 167
1 168
1 169
1 170
1 171
1 172
1 173
1 174
1 175
1 176
1 177
1 178
1 179
1 180
1 181
1 182
1 183
1 184
1 185
1 186
1 187
1 188
1 189
1 190
1 191
1 192
1 193
1 194
1 195
1 196
1 197
1 198
1 199
1 200
1 201
1 202
1 203
1 204
1 205
1 206
1 207
1 208
1 209
1 210
1 211
1 212
1 213
1 214
1 215
1 216
1 217
1 218
1 219
1 220
1 221
1 222
1 223
1 224
1 225
1 226
1 227
1 228
1 229
1 230
1 231
1 232
1 233
1 234
1 235
1 236
1 237
1 238
1 239
1 240
1 241
1 242
1 243
1 244
1 245
1 246
1 247
1 248
1 249
1 250
1 251
1 252
1 253
1 254
1 255
1 256
1 257
1 258
1 259
1 260
1 261
1 262
1 263
1 264
1 265
1 266
1 267
1 268
1 269
1 270
1 271
1 272
1 273
1 274
1 275
1 276
1 277
1 278
1 279
1 280
1 281
1 282
1 283
1 284
1 285
1 286
1 287
1 288
1 289
1 290
1 291
1 292
1 293
1 294
1 295
1 296
1 297
1 298
1 299
1 300
1 301
1 302
1 303
1 304
1 305
1 306
1 307
1 308
1 309
1 310
1 311
1 312
1 313
1 314
1 315
1 316
1 317
1 318
1 319
1 320
1 321
1 322
1 323
1 324
1 325
1 326
1 327
1 328
1 329
1 330
1 331
1 332
1 333
1 334
1 335
1 336
1 337
1 338
1 339
1 340
1 341
1 342
1 343
1 344
1 345
1 346
1 347
1 348
1 349
1 350
1 351
1 352
1 353
1 354
1 355
1 356
1 357
1 358
1 359
1 360
1 361
1 362
1 363
1 364
1 365
1 366
1 367
1 368
1 369
1 370
1 371
1 372
1 373
1 374
1 375
1 376
1 377
1 378
1 379
1 380
1 381
1 382
1 383
1 384
1 385
1 386
1 387
1 388
1 389
1 390
1 391
1 392
1 393
1 394
1 395
1 396
1 397
1 398
1 399
1 400
1 401
1 402
1 403
1 404
1 405
1 406
1 407
1 408
1 409
1 410
1 411
1 412
1 413
1 414
1 415
1 416
1 417
1 418
1 419
1 420
1 421
1 422
1 423
1 424
1 425
1 426
1 427
1 428
1 429
1 430
1 431
1 432
1 433
1 434
1 435
1 436
1 437
1 438
1 439
1 440
1 441
1 442
1 443
1 444
1 445
1 446
1 447
1 448
1 449
1 450
1 451
1 452
1 453
1 454
1 455
1 456
1 457
1 458
1 459
1 460
1 461
1 462
1 463
1 464
1 465
1 466
1 467
1 468
1 469
1 470
1 471
1 472
1 473
1 474
1 475
1 476
1 477
1 478
1 479
1 480
1 481
1 482
1 483
1 484
1 485
1 486
1 487
1 488
1 489
1 490
1 491
1 492
1 493
1 494
1 495
1 496
1 497
1 498
1 499
1 500
1 501
1 502
1 503
1 504
1 505
1 506
1 507
1 508
1 509
1 510
1 511
1 512
1 513
1 514
1 515
1 516
1 517
1 518
1 519
1 520
1 521
1 522
1 523
1 524
1 525
1 526
1 527
1 528
1 529
1 530
1 531
1 532
1 533
1 534
1 535
1 536
1 537
1 538
1 539
1 540
1 541
1 542
1 543
1 544
1 545
1 546
1 547
1 548
1 549
1 550
1 551
1 552
1 553
1 554
1 555
1 556
1 557
1 558
1 559
1 560
1 561
1 562
1 563
1 564
1 565
1 566
1 567
1 568
1 569
1 570
1 571
1 572
1 573
1 574
1 575
1 576
1 577
1 578
1 579
1 580
1 581
1 582
1 583
1 584
1 585
1 586
1 587
1 588
1 589
1 590
1 591
1 592
1 593
1 594
1 595
1 596
1 597
1 598
1 599
1 600
1 601
1 602
1 603
1 604
1 605
1 606
1 607
1 608
1 609
1 610
1 611
1 612
1 613
1 614
1 615
1 616
1 617
1 618
1 619
1 620
1 621
1 622
1 623
1 624
1 625
1 626
1 627
1 628
1 629
1 630
1 631
1 632
1 633
1 634
1 635
1 636
1 637
1 638
1 639
1 640
1 641
1 642
1 643
1 644
1 645
1 646
1 647
1 648
1 649
1 650
1 651
1 652
1 653
1 654
1 655
1 656
1 657
1 658
1 659
1 660
1 661
1 662
1 663
1 664
1 665
1 666
1 667
1 668
1 669
1 670
1 671
1 672
1 673
1 674
1 675
1 676
1 677
1 678
1 679
1 680
1 681
1 682
1 683
1 684
1 685
1 686
1 687
1 688
1 689
1 690
1 691
1 692
1 693
1 694
1 695
1 696
1 697
1 698
1 699
1 700
1 701
1 702
1 703
1 704
1 705
1 706
1 707
1 708
1 709
1 710
1 711
1 712
1 713
1 714
1 715
1 716
1 717
1 718
1 719
1 720
1 721
1 722
1 723
1 724
1 725
1 726
1 727
1 728
1 729
1 730
1 731
1 732
1 733
1 734
1 735
1 736
1 737
1 738
1 739
1 740
1 741
1 742
1 743
1 744
1 745
1 746
1 747
1 748
1 749
1 750
1 751
1 752
1 753
1 754
1 755
1 756
1 757
1 758
1 759
1 760
1 761
1 762
1 763
1 764
1 765
1 766
1 767
1 768
1 769
1 770
1 771
1 772
1 773
1 774
1 775
1 776
1 777
1 778
1 779
1 780
1 781
1 782
1 783
1 784
1 785
1 786
1 787
1 788
1 789
1 790
1 791
1 792
1 793
1 794
1 795
1 796
1 797
1 798
1 799
1 800
1 801
1 802
1 803
1 804
1 805
1 806
1 807
1 808
1 809
1 810
1 811
1 812
1 813
1 814
1 815
1 816
1 817
1 818
1 819
1 820
1 821
1 822
1 823
1 824
1 825
1 826
1 827
1 828
1 829
1 830
1 831
1 832
1 833
1 834
1 835
1 836
1 837
1 838
1 839
1 840
1 841
1 842
1 843
1 844
1 845
1 846
1 847
1 848
1 849
1 850
1 851
1 852
1 853
1 854
1 855
1 856
1 857
1 858
1 859
1 860
1 861
1 862
1 863
1 864
1 865
1 866
1 867
1 868
1 869
1 870
1 871
1 872
1 873
1 874
1 875
1 876
1 877
1 878
1 879
1 880
1 881
1 882
1 883
1 884
1 885
1 886
1 887
1 888
1 889
1 890
1 891
1 892
1 893
1 894
1 895
1 896
1 897
1 898
1 899
1 900
1 901
1 902
1 903
1 904
1 905
1 906
1 907
1 908
1 909
1 910
1 911
1 912
1 913
1 914
1 915
1 916
1 917
1 918
1 919
1 920
1 921
1 922
1 923
1 924
1 925
1 926
1 927
1 928
1 929
1 930
1 931
1 932
1 933
1 934
1 935
1 936
1 937
1 938
1 939
1 940
1 941
1 942
1 943
1 944
1 945
1 946
1 947
1 948
1 949
1 950
1 951
1 952
1 953
1 954
1 955
1 956
1 957
1 958
1 959
1 960
1 961
1 962
1 963
1 964
1 965
1 966
1 967
1 968
1 969
1 970
1 971
1 972
1 973
1 974
1 975
1 976
1 977
1 978
1 979
1 980
1 981
1 982
1 983
1 984
1 985
1 986
1 987
1 988
1 989
1 990
1 991
1 992
1 993
1 994
1 995
1 996
1 997
1 998
1 999
1 1000
1 1001
1 1002
1 1003
1 1004
1 1005
1 1006
1 1007
1 1008
1 1009
1 1010
1 1011
1 1012
1 1013
1 1014
1 1015
1 1016
1 1017
1 1018
1 1019
1 1020
1 1021
1 1022
1 1023
1 1024
1 1025
1 1026
1 1027
1 1028
1 1029
1 1030
1 1031
1 1032
1 1033
1 1034
1 1035
1 1036
1 1037
1 1038
1 1039
1 1040
1 1041
1 1042
1 1043
1 1044
1 1045
1 1046
1 1047
1 1048
1 1049
1 1050
1 1051
1 1052
1 1053
1 1054
1 1055
1 1056
1 1057
1 1058
1 1059
1 1060
1 1061
1 1062
1 1063
1 1064
1 1065
1 1066
1 1067
1 1068
1 1069
1 1070
1 1071
1 1072
1 1073
1 1074
1 1075
1 1076
1 1077
1 1078
1 1079
1 1080
1 1081
1 1082
1 1083
1 1084
1 1085
1 1086
1 1087
1 1088
1 1089
1 1090
1 1091
1 1092
1 1093
1 1094
1 1095
1 1096
1 1097
1 1098
1 1099
1 1100
1 1101
1 1102
1 1103
1 1104
1 1105
1 1106
1 1107
1 1108
1 1109
1 1110
1 1111
1 1112
1 1113
1 1114
1 1115
1 1116
1 1117
1 1118
1 1119
1 1120
1 1121
1 1122
1 1123
1 1124
1 1125
1 1126
1 1127
1 1128
1 1129
1 1130
1 1131
1 1132
1 1133
1 1134
1 1135
1 1136
1 1137
1 1138
1 1139
1 1140
1 1141
1 1142
1 1143
1 1144
1 1145
1 1146
1 1147
1 1148
1 1149
1 1150
1 1151
1 1152
1 1153
1 1154
1 1155
1 1156
1 1157
1 1158
1 1159
1 1160
1 1161
1 1162
1 1163
1 1164
1 1165
1 1166
1 1167
1 1168
1 1169
1 1170
1 1171
1 1172
1 1173
1 1174
1 1175
1 1176
1 1177
1 1178
1 1179
1 1180
1 1181
1 1182
1 1183
1 1184
1 1185
1 1186
1 1187
1 1188
1 1189
1 1190
1 1191
1 1192
1 1193
1 1194
1 1195
1 1196
1 1197
1 1198
1 1199
1 1200
1 1201
1 1202
1 1203
1 1204
1 1205
1 1206
1 1207
1 1208
1 1209
1 1210
1 1211
1 1212
1 1213
1 1214
1 1215
1 1216
1 1217
1 1218
1 1219
1 1220
1 1221
1 1222
1 1223
1 1224
1 1225
1 1226
1 1227
1 1228
1 1229
1 1230
1 1231
1 1232
1 1233
1 1234
1 1235
1 1236
1 1237
1 1238
1 1239
1 1240
1 1241
1 1242
1 1243
1 1244
1 1245
1 1246
1 1247
1 1248
1 1249
1 1250
1 1251
1 1252
1 1253
1 1254
1 1255
1 1256
1 1257
1 1258
1 1259
1 1260
1 1261
1 1262
1 1263
1 1264
1 1265
1 1266
1 1267
1 1268
1 1269
1 1270
1 1271
1 1272
1 1273
1 1274
1 1275
1 1276
1 1277
1 1278
1 1279
1 1280
1 1281
1 1282
1 1283
1 1284
1 1285
1 1286
1 1287
1 1288
1 1289
1 1290
1 1291
1 1292
1 1293
1 1294
1 1295
1 1296
1 1297
1 1298
1 1299
1 1300
1 1301
1 1302
1 1303
1 1304
1 1305
1 1306
1 1307
1 1308
1 1309
1 1310
1 1311
1 1312
1 1313
1 1314
1 1315
1 1316
1 1317
1 1318
1 1319
1 1320
1 1321
1 1322
1 1323
1 1324
1 1325
1 1326
1 1327
1 1328
1 1329
1 1330
1 1331
1 1332
1 1333
1 1334
1 1335
1 1336
1 1337
1 1338
1 1339
1 1340
1 1341
1 1342
1 1343
1 1344
1 1345
1 1346
1 1347
1 1348
1 1349
1 1350
1 1351
1 1352
1 1353
1 1354
1 1355
1 1356
1 1357
1 1358
1 1359
1 1360
1 1361
1 1362
1 1363
1 1364
1 1365
1 1366
1 1367
1 1368
1 1369
1 1370
1 1371
1 1372
1 1373
1 1374
1 1375
1 1376
1 1377
1 1378
1 1379
1 1380
1 1381
1 1382
1 1383
1 1384
1 1385
1 1386
1 1387
1 1388
1 1389
1 1390
1 1391
1 1392
1 1393
1 1394
1 1395
1 1396
1 1397
1 1398
1 1399
1 1400
1 1401
1 1402
1 1403
1 1404
1 1405
1 1406
1 1407
1 1408
1 1409
1 1410
1 1411
1 1412
1 1413
1 1414
1 1415
1 1416
1 1417
1 1418
1 1419
1 1420
1 1421
1 1422
1 1423
1 1424
1 1425
1 1426
1 1427
1 1428
1 1429
1 1430
1 1431
1 1432
1 1433
1 1434
1 1435
1 1436
1 1437
1 1438
1 1439
1 1440
1 1441
1 1442
1 1443
1 1444
1 1445
1 1446
1 1447
1 1448
1 1449
1 1450
1 1451
1 1452
1 1453
1 1454
1 1455
1 1456
1 1457
1 1458
1 1459
1 1460
1 1461
1 1462
1 1463
1 1464
1 1465
1 1466
1 1467
1 1468
1 1469
1 1470
1 1471
1 1472
1 1473
1 1474
1 1475
1 1476
1 1477
1 1478
1 1479
1 1480
1 1481
1 1482
1 1483
1 1484
1 1485
1 1486
1 1487
1 1488
1 1489
1 1490
1 1491
1 1492
1 1493
1 1494
1 1495
1 1496
1 1497
1 1498
1 1499
1 1500
1 1501
1 1502
1 1503
1 1504
1 1505
1 1506
1 1507
1 1508
1 1509
1 1510
1 1511
1 1512
1 1513
1 1514
1 1515
1 1516
1 1517
1 1518
1 1519
1 1520
1 1521
1 1522
1 1523
1 1524
1 1525
1 1526
1 1527
1 1528
1 1529
1 1530
1 1531
1 1532
1 1533
1 1534
1 1535
1 1536
1 1537
1 1538
1 1539
1 1540
1 1541
1 1542
1 1543
1 1544
1 1545
1 1546
1 1547
1 1548
1 1549
1 1550
1 1551
1 1552
1 1553
1 1554
1 1555
1 1556
1 1557
1 1558
1 1559
1 1560
1 1561
1 1562
1 1563
1 1564
1 1565
1 1566
1 1567
1 1568
1 1569
1 1570
1 1571
1 1572
1 1573
1 1574
1 1575
1 1576
1 1577
1 1578
1 1579
1 1580
1 1581
1 1582
1 1583
1 1584
1 1585
1 1586
1 1587
1 1588
1 1589
1 1590
1 1591
1 1592
1 1593
1 1594
1 1595
1 1596
1 1597
1 1598
1 1599
1 1600
1 1601
1 1602
1 1603
1 1604
1 1605
1 1606
1 1607
1 1608
1 1609
1 1610
1 1611
1 1612
1 1613
1 1614
1 1615
1 1616
1 1617
1 1618
1 1619
1 1620
1 1621
1 1622
1 1623
1 1624
1 1625
1 1626
1 1627
1 1628
1 1629
1 1630
1 1631
1 1632
1 1633
1 1634
1 1635
1 1636
1 1637
1 1638
1 1639
1 1640
1 1641
1 1642
1 1643
1 1644
1 1645
1 1646
1 1647
1 1648
1 1649
1 1650
1 1651
1 1652
1 1653
1 1654
1 1655
1 1656
1 1657
1 1658
1 1659
1 1660
1 1661
1 1662
1 1663
1 1664
1 1665
1 1666
1 1667
1 1668
1 1669
1 1670
1 1671
1 1672
1 1673
1 1674
1 1675
1 1676
1 1677
1 1678
1 1679
1 1680
1 1681
1 1682
1 1683
1 1684
1 1685
1 1686
1 1687
1 1688
1 1689
1 1690
1 1691
1 1692
1 1693
1 1694
1 1695
1 1696
1 1697
1 1698
1 1699
1 1700
1 1701
1 1702
1 1703
1 1704
1 1705
1 1706
1 1707
1 1708
1 1709
1 1710
1 1711
1 1712
1 1713
1 1714
1 1715
1 1716
1 1717
1 1718
1 1719
1 1720
1 1721
1 1722
1 1723
1 1724
1 1725
1 1726
1 1727
1 1728
1 1729
1 1730
1 1731
1 1732
1 1733
1 1734
1 1735
1 1736
1 1737
1 1738
1 1739
1 1740
1 1741
1 1742
1 1743
1 1744
1 1745
1 1746
1 1747
1 1748
1 1749
1 1750
1 1751
1 1752
1 1753
1 1754
1 1755
1 1756
1 1757
1 1758
1 1759
1 1760
1 1761
1 1762
1 1763
1 1764
1 1765
1 1766
1 1767
1 1768
1 1769
1 1770
1 1771
1 1772
1 1773
1 1774
1 1775
1 1776
1 1777
1 1778
1 1779
1 1780
1 1781
1 1782
1 1783
1 1784
1 1785
1 1786
1 1787
1 1788
1 1789
1 1790
1 1791
1 1792
1 1793
1 1794
1 1795
1 1796
1 1797
1 1798
1 1799
1 1800
1 1801
1 1802
1 1803
1 1804
1 1805
1 1806
1 1807
1 1808
1 1809
1 1810
1 1811
1 1812
1 1813
1 1814
1 1815
1 1816
1 1817
1 1818
1 1819
1 1820
1 1821
1 1822
1 1823
1 1824
1 1825
1 1826
1 1827
1 1828
1 1829
1 1830
1 1831
1 1832
1 1833
1 1834
1 1835
1 1836
1 1837
1 1838
1 1839
1 1840
1 1841
1 1842
1 1843
1 1844
1 1845
1 1846
1 1847
1 1848
1 1849
1 1850
1 1851
1 1852
1 1853
1 1854
1 1855
1 1856
1 1857
1 1858
1 1859
1 1860
1 1861
1 1862
1 1863
1 1864
1 1865
1 1866
1 1867
1 1868
1 1869
1 1870
1 1871
1 1872
1 1873
1 1874
1 1875
1 1876
1 1877
1 1878
1 1879
1 1880
1 1881
1 1882
1 1883
1 1884
1 1885
1 1886
1 1887
1 1888
1 1889
1 1890
1 1891
1 1892
1 1893
1 1894
1 1895
1 1896
1 1897
1 1898
1 1899
1 1900
1 1901
1 1902
1 1903
1 1904
1 1905
1 1906
1 1907
1 1908
1 1909
1 1910
1 1911
1 1912
1 1913
1 1914
1 1915
1 1916
1 1917
1 1918
1 1919
1 1920
1 1921
1 1922
1 1923
1 1924
1 1925
1 1926
1 1927
1 1928
1 1929
1 1930
1 1931
1 1932
1 1933
1 1934
1 1935
1 1936
1 1937
1 1938
1 1939
1 1940
1 1941
1 1942
1 1943
1 1944
1 1945
1 1946
1 1947
1 1948
1 1949
1 1950
1 1951
1 1952
1 1953
1 1954
1 1955
1 1956
1 1957
1 1958
1 1959
1 1960
1 1961
1 1962
1 1963
1 1964
1 1965
1 1966
1 1967
1 1968
1 1969
1 1970
1 1971
1 1972
1 1973
1 1974
1 1975
1 1976
1 1977
1 1978
1 1979
1 1980
1 1981
1 1982
1 1983
1 1984
1 1985
1 1986
1 1987
1 1988
1 1989
1 1990
1 1991
1 1992
1 1993
1 1994
1 1995
1 1996
1 1997
1 1998
1 1999
1 2000
1 2001
1 2002
1 2003
1 2004
1 2005
1 2006
1 2007
1 2008
1 2009
1 2010
1 2011
1 2012
1 2013
1 2014
1 2015
1 2016
1 2017
1 2018
1 2019
1 2020
1 2021
1 2022
1 2023
1 2024
1 2025
1 2026
1 2027
1 2028
1 2029
1 2030
1 2031
1 2032
1 2033
1 2034
1 2035
1 2036
1 2037
1 2038
1 2039
1 2040
1 2041
1 2042
1 2043
1 2044
1 2045
1 2046
1 2047
1 2048
1 2049
1 2050
1 2051
1 2052
1 2053
1 2054
1 2055
1 2056
1 2057
1 2058
1 2059
1 2060
1 2061
1 2062
1 2063
1 2064
1 2065
1 2066
1 2067
1 2068
1 2069
1 2070
1 2071
1 2072
1 2073
1 2074
1 2075
1 2076
1 2077
1 2078
1 2079
1 2080
1 2081
1 2082
1 2083
1 2084
1 2085
1 2086
1 2087
1 2088
1 2089
1 2090
1 2091
1 2092
1 2093
1 2094
1 2095
1 2096
1 2097
1 2098
1 2099
1 2100
1 2101
1 2102
1 2103
1 2104
1 2105
1 2106
1 2107
1 2108
1 2109
1 2110
1 2111
1 2112
1 2113
1 2114
1 2115
1 2116
1 2117
1 2118
1 2119
1 2120
1 2121
1 2122
1 2123
1 2124
1 2125
1 2126
1 2127
1 2128
1 2129
1 2130
1 2131
1 2132
1 2133
1 2134
1 2135
1 2136
1 2137
1 2138
1 2139
1 2140
1 2141
1 2142
1 2143
1 2144
1 2145
1 2146
1 2147
1 2148
1 2149
1 2150
1 2151
1 2152
1 2153
1 2154
1 2155
1 2156
1 2157
1 2158
1 2159
1 2160
1 2161
1 2162
1 2163
1 2164
1 2165
1 2166
1 2167
1 2168
1 2169
1 2170
1 2171
1 2172
1 2173
1 2174
1 2175
1 2176
1 2177
1 2178
1 2179
1 2180
1 2181
1 2182
1 2183
1 2184
1 2185
1 2186
1 2187
1 2188
1 2189
1 2190
1 2191
1 2192
1 2193
1 2194
1 2195
1 2196
1 2197
1 2198
1 2199
1 2200
1 2201
1 2202
1 2203
1 2204
1 2205
1 2206
1 2207
1 2208
1 2209
1 2210
1 2211
1 2212
1 2213
1 2214
1 2215
1 2216
1 2217
1 2218
1 2219
1 2220
1 2221
1 2222
1 2223
1 2224
1 2225
1 2226
1 2227
1 2228
1 2229
1 2230
1 2231
1 2232
1 2233
1 2234
1 2235
1 2236
1 2237
1 2238
1 2239
1 2240
1 2241
1 2242
1 2243
1 2244
1 2245
1 2246
1 2247
1 2248
1 2249
1 2250
1 2251
1 2252
1 2253
1 2254
1 2255
1 2256
1 2257
1 2258
1 2259
1 2260
1 2261
1 2262
1 2263
1 2264
1 2265
1 2266
1 2267
1 2268
1 2269
1 2270
1 2271
1 2272
1 2273
1 2274
1 2275
1 2276
1 2277
1 2278
1 2279
1 2280
1 2281
1 2282
1 2283
1 2284
1 2285
1 2286
1 2287
1 2288
1 2289
1 2290
1 2291
1 2292
1 2293
1 2294
1 2295
1 2296
1 2297
1 2298
1 2299
1 2300
1 2301
1 2302
1 2303
1 2304
1 2305
1 2306
1 2307
1 2308
1 2309
1 2310
1 2311
1 2312
1 2313
1 2314
1 2315
1 2316
1 2317
1 2318
1 2319
1 2320
1 2321
1 2322
1 2323
1 2324
1 2325
1 2326
1 2327
1 2328
1 2329
1 2330
1 2331
1 2332
1 2333
1 2334
1 2335
1 2336
1 2337
1 2338
1 2339
1 2340
1 2341
1 2342
1 2343
1 2344
1 2345
1 2346
1 2347
1 2348
1 2349
1 2350
1 2351
1 2352
1 2353
1 2354
1 2355
1 2356
1 2357
1 2358
1 2359
1 2360
1 2361
1 2362
1 2363
1 2364
1 2365
1 2366
1 2367
1 2368
1 2369
1 2370
1 2371
1 2372
1 2373
1 2374
1 2375
1 2376
1 2377
1 2378
1 2379
1 2380
1 2381
1 2382
1 2383
1 2384
1 2385
1 2386
1 2387
1 2388
1 2389
1 2390
1 2391
1 2392
1 2393
1 2394
1 2395
1 2396
1 2397
1 2398
1 2399
1 2400
1 2401
1 2402
1 2403
1 2404
1 2405
1 2406
1 2407
1 2408
1 2409
1 2410
1 2411
1 2412
1 2413
1 2414
1 2415
1 2416
1 2417
1 2418
1 2419
1 2420
1 2421
1 2422
1 2423
1 2424
1 2425
1 2426
1 2427
1 2428
1 2429
1 2430
1 2431
1 2432
1 2433
1 2434
1 2435
1 2436
1 2437
1 2438
1 2439
1 2440
1 2441
1 2442
1 2443
1 2444
1 2445
1 2446
1 2447
1 2448
1 2449
1 2450
1 2451
1 2452
1 2453
1 2454
1 2455
1 2456
1 2457
1 2458
1 2459
1 2460
1 2461
1 2462
1 2463
1 2464
1 2465
1 2466
1 2467
1 2468
1 2469
1 2470
1 2471
1 2472
1 2473
1 2474
1 2475
1 2476
1 2477
1 2478
1 2479
1 2480
1 2481
1 2482
1 2483
1 2484
1 2485
1 2486
1 2487
1 2488
1 2489
1 2490
1 2491
1 2492
1 2493
1 2494
1 2495
1 2496
1 2497
1 2498
1 2499
1 2500
1 2501
1 2502
1 2503
1 2504
1 2505
1 2506
1 2507
1 2508
1 2509
1 2510
1 2511
1 2512
1 2513
1 2514
1 2515
1 2516
1 2517
1 2518
1 2519
1 2520
1 2521
1 2522
1 2523
1 2524
1 2525
1 2526
1 2527
1 2528
1 2529
1 2530
1 2531
1 2532
1 2533
1 2534
1 2535
1 2536
1 2537
1 2538
1 2539
1 2540
1 2541
1 2542
1 2543
1 2544
1 2545
1 2546
1 2547
1 2548
1 2549
1 2550
1 2551
1 2552
1 2553
1 2554
1 2555
1 2556
1 2557
1 2558
1 2559
1 2560
1 2561
1 2562
1 2563
1 2564
1 2565
1 2566
1 2567
1 2568
1 2569
1 2570
1 2571
1 2572
1 2573
1 2574
1 2575
1 2576
1 2577
1 2578
1 2579
1 2580
1 2581
1 2582
1 2583
1 2584
1 2585
1 2586
1 2587
1 2588
1 2589
1 2590
1 2591
1 2592
1 2593
1 2594
1 2595
1 2596
1 2597
1 2598
1 2599
1 2600
1 2601
1 2602
1 2603
1 2604
1 2605
1 2606
1 2607
1 2608
1 2609
1 2610
1 2611
1 2612
1 2613
1 2614
1 2615
1 2616
1 2617
1 2618
1 2619
1 2620
1 2621
1 2622
1 2623
1 2624
1 2625
1 2626
1 2627
1 2628
1 2629
1 2630
1 2631
1 2632
1 2633
1 2634
1 2635
1 2636
1 2637
1 2638
1 2639
1 2640
1 2641
1 2642
1 2643
1 2644
1 2645
1 2646
1 2647
1 2648
1 2649
1 2650
1 2651
1 2652
1 2653
1 2654
1 2655
1 2656
1 2657
1 2658
1 2659
1 2660
1 2661
1 2662
1 2663
1 2664
1 2665
1 2666
1 2667
1 2668
1 2669
1 2670
1 2671
1 2672
1 2673
1 2674
1 2675
1 2676
1 2677
1 2678
1 2679
1 2680
1 2681
1 2682
1 2683
1 2684
1 2685
1 2686
1 2687
1 2688
1 2689
1 2690
1 2691
1 2692
1 2693
1 2694
1 2695
1 2696
1 2697
1 2698
1 2699
1 2700
1 2701
1 2702
1 2703
1 2704
1 2705
1 2706
1 2707
1 2708
1 2709
1 2710
1 2711
1 2712
1 2713
1 2714
1 2715
1 2716
1 2717
1 2718
1 2719
1 2720
1 2721
1 2722
1 2723
1 2724
1 2725
1 2726
1 2727
1 2728
1 2729
1 2730
1 2731
1 2732
1 2733
1 2734
1 2735
1 2736
1 2737
1 2738
1 2739
1 2740
1 2741
1 2742
1 2743
1 2744
1 2745
1 2746
1 2747
1 2748
1 2749
1 2750
1 2751
1 2752
1 2753
1 2754
1 2755
1 2756
1 2757
1 2758
1 2759
1 2760
1 2761
1 2762
1 2763
1 2764
1 2765
1 2766
1 2767
1 2768
1 2769
1 2770
1 2771
1 2772
1 2773
1 2774
1 2775
1 2776
1 2777
1 2778
1 2779
1 2780
1 2781
1 2782
1 2783
1 2784
1 2785
1 2786
1 2787
1 2788
1 2789
1 2790
1 2791
1 2792
1 2793
1 2794
1 2795
1 2796
1 2797
1 2798
1 2799
1 2800
1 2801
1 2802
1 2803
1 2804
1 2805
1 2806
1 2807
1 2808
1 2809
1 2810
1 2811
1 2812
1 2813
1 2814
1 2815
1 2816
1 2817
1 2818
1 2819
1 2820
1 2821
1 2822
1 2823
1 2824
1 2825
1 2826
1 2827
1 2828
1 2829
1 2830
1 2831
1 2832
1 2833
1 2834
1 2835
1 2836
1 2837
1 2838
1 2839
1 2840
1 2841
1 2842
1 2843
1 2844
1 2845
1 2846
1 2847
1 2848
1 2849
1 2850
1 2851
1 2852
1 2853
1 2854
1 2855
1 2856
1 2857
1 2858
1 2859
1 2860
1 2861
1 2862
1 2863
1 2864
1 2865
1 2866
1 2867
1 2868
1 2869
1 2870
1 2871
1 2872
1 2873
1 2874
1 2875
1 2876
1 2877
1 2878
1 2879
1 2880
1 2881
1 2882
1 2883
1 2884
1 2885
1 2886
1 2887
1 2888
1 2889
1 2890
1 2891
1 2892
1 2893
1 2894
1 2895
1 2896
1 2897
1 2898
1 2899
1 2900
1 2901
1 2902
1 2903
1 2904
1 2905
1 2906
1 2907
1 2908
1 2909
1 2910
1 2911
1 2912
1 2913
1 2914
1 2915
1 2916
1 2917
1 2918
1 2919
1 2920
1 2921
1 2922
1 2923
1 2924
1 2925
1 2926
1 2927
1 2928
1 2929
1 2930
1 2931
1 2932
1 2933
1 2934
1 2935
1 2936
1 2937
1 2938
1 2939
1 2940
1 2941
1 2942
1 2943
1 2944
1 2945
1 2946
1 2947
1 2948
1 2949
1 2950
1 2951
1 2952
1 2953
1 2954
1 2955
1 2956
1 2957
1 2958
1 2959
1 2960
1 2961
1 2962
1 2963
1 2964
1 2965
1 2966
1 2967
1 2968
1 2969
1 2970
1 2971
1 2972
1 2973
1 2974
1 2975
1 2976
1 2977
1 2978
1 2979
1 2980
1 2981
1 2982
1 2983
1 2984
1 2985
1 2986
1 2987
1 2988
1 2989
1 2990
1 2991
1 2992
1 2993
1 2994
1 2995
1 2996
1 2997
1 2998
1 2999
1 3000
1 3001
1 3002
1 3003
1 3004
1 3005
1 3006
1 3007
1 3008
1 3009
1 3010
1 3011
1 3012
1 3013
1 3014
1 3015
1 3016
1 3017
1 3018
1 3019
1 3020
1 3021
1 3022
1 3023
1 3024
1 3025
1 3026
1 3027
1 3028
1 3029
1 3030
1 3031
1 3032
1 3033
1 3034
1 3035
1 3036
1 3037
1 3038
1 3039
1 3040
1 3041
1 3042
1 3043
1 3044
1 3045
1 3046
1 3047
1 3048
1 3049
1 3050
1 3051
1 3052
1 3053
1 3054
1 3055
1 3056
1 3057
1 3058
1 3059
1 3060
1 3061
1 3062
1 3063
1 3064
1 3065
1 3066
1 3067
1 3068
1 3069
1 3070
1 3071
1 3072
1 3073
1 3074
1 3075
1 3076
1 3077
1 3078
1 3079
1 3080
1 3081
1 3082
1 3083
1 3084
1 3085
1 3086
1 3087
1 3088
1 3089
1 3090
1 3091
1 3092
1 3093
1 3094
1 3095
1 3096
1 3097
1 3098
1 3099
1 3100
1 3101
1 3102
1 3103
1 3104
1 3105
1 3106
1 3107
1 3108
1 3109
1 3110
1 3111
1 3112
1 3113
1 3114
1 3115
1 3116
1 3117
1 3118
1 3119
1 3120
1 3121
1 3122
1 3123
1 3124
1 3125
1 3126
1 3127
1 3128
1 3129
1 3130
1 3131
1 3132
1 3133
1 3134
1 3135
1 3136
1 3137
1 3138
1 3139
1 3140
1 3141
1 3142
1 3143
1 3144
1 3145
1 3146
1 3147
1 3148
1 3149
1 3150
1 3151
1 3152
1 3153
1 3154
1 3155
1 3156
1 3157
1 3158
1 3159
1 3160
1 3161
1 3162
1 3163
1 3164
1 3165
1 3166
1 3167
1 3168
1 3169
1 3170
1 3171
1 3172
1 3173
1 3174
1 3175
1 3176
1 3177
1 3178
1 3179
1 3180
1 3181
1 3182
1 3183
1 3184
1 3185
1 3186
1 3187
1 3188
1 3189
1 3190
1 3191
1 3192
1 3193
1 3194
1 3195
1 3196
1 3197
1 3198
1 3199
1 3200
1 3201
1 3202
1 3203
1 3204
1 3205
1 3206
1 3207
1 3208
1 3209
1 3210
1 3211
1 3212
1 3213
1 3214
1 3215
1 3216
1 3217
1 3218
1 3219
1 3220
1 3221
1 3222
1 3223
1 3224
1 3225
1 3226
1 3227
1 3228
1 3229
1 3230
1 3231
1 3232
1 3233
1 3234
1 3235
1 3236
1 3237
1 3238
1 3239
1 3240
1 3241
1 3242
1 3243
1 3244
1 3245
1 3246
1 3247
1 3248
1 3249
1 3250
1 3251
1 3252
1 3253
1 3254
1 3255
1 3256
1 3257
1 3258
1 3259
1 3260
1 3261
1 3262
1 3263
1 3264
1 3265
1 3266
1 3267
1 3268
1 3269
1 3270
1 3271
1 3272
1 3273
1 3274
1 3275
1 3276
1 3277
1 3278
1 3279
1 3280
1 3281
1 3282
1 3283
1 3284
1 3285
1 3286
1 3287
1 3288
1 3289
1 3290
1 3291
1 3292
1 3293
1 3294
1 3295
1 3296
1 3297
1 3298
1 3299
1 3300
1 3301
1 3302
1 3303
1 3304
1 3305
1 3306
1 3307
1 3308
1 3309
1 3310
1 3311
1 3312
1 3313
1 3314
1 3315
1 3316
1 3317
1 3318
1 3319
1 3320
1 3321
1 3322
1 3323
1 3324
1 3325
1 3326
1 3327
1 3328
1 3329
1 3330
1 3331
1 3332
1 3333
1 3334
1 3335
1 3336
1 3337
1 3338
1 3339
1 3340
1 3341
1 3342
1 3343
1 3344
1 3345
1 3346
1 3347
1 3348
1 3349
1 3350
1 3351
1 3352
1 3353
1 3354
1 3355
1 3356
1 3357
1 3358
1 3359
1 3360
1 3361
1 3362
1 3363
1 3364
1 3365
1 3366
1 3367
1 3368
1 3369
1 3370
1 3371
1 3372
1 3373
1 3374
1 3375
1 3376
1 3377
1 3378
1 3379
1 3380
1 3381
1 3382
1 3383
1 3384
1 3385
1 3386
1 3387
1 3388
1 3389
1 3390
1 3391
1 3392
1 3393
1 3394
1 3395
1 3396
1 3397
1 3398
1 3399
1 3400
1 3401
1 3402
1 3403
1 3404
1 3405
1 3406
1 3407
1 3408
1 3409
1 3410
1 3411
1 3412
1 3413
1 3414
1 3415
1 3416
1 3417
1 3418
1 3419
1 3420
1 3421
1 3422
1 3423
1 3424
1 3425
1 3426
1 3427
1 3428
1 3429
1 3430
1 3431
1 3432
1 3433
1 3434
1 3435
1 3436
1 3437
1 3438
1 3439
1 3440
1 3441
1 3442
1 3443
1 3444
1 3445
1 3446
1 3447
1 3448
1 3449
1 3450
1 3451
1 3452
1 3453
1 3454
1 3455
1 3456
1 3457
1 3458
1 3459
1 3460
1 3461
1 3462
1 3463
1 3464
1 3465
1 3466
1 3467
1 3468
1 3469
1 3470
1 3471
1 3472
1 3473
1 3474
1 3475
1 3476
1 3477
1 3478
1 3479
1 3480
1 3481
1 3482
1 3483
1 3484
1 3485
1 3486
1 3487
1 3488
1 3489
1 3490
1 3491
1 3492
1 3493
1 3494
1 3495
1 3496
1 3497
1 3498
1 3499
1 3500
1 3501
1 3502
1 3503
1 3504
1 3505
1 3506
1 3507
1 3508
1 3509
1 3510
1 3511
1 3512
1 3513
1 3514
1 3515
1 3516
1 3517
1 3518
1 3519
1 3520
1 3521
1 3522
1 3523
1 3524
1 3525
1 3526
1 3527
1 3528
1 3529
1 3530
1 3531
1 3532
1 3533
1 3534
1 3535
1 3536
1 3537
1 3538
1 3539
1 3540
1 3541
1 3542
1 3543
1 3544
1 3545
1 3546
1 3547
1 3548
1 3549
1 3550
1 3551
1 3552
1 3553
1 3554
1 3555
1 3556
1 3557
1 3558
1 3559
1 3560
1 3561
1 3562
1 3563
1 3564
1 3565
1 3566
1 3567
1 3568
1 3569
1 3570
1 3571
1 3572
1 3573
1 3574
1 3575
1 3576
1 3577
1 3578
1 3579
1 3580
1 3581
1 3582
1 3583
1 3584
1 3585
1 3586
1 3587
1 3588
1 3589
1 3590
1 3591
1 3592
1 3593
1 3594
1 3595
1 3596
1 3597
1 3598
1 3599
1 3600
1 3601
1 3602
1 3603
1 3604
1 3605
1 3606
1 3607
1 3608
1 3609
1 3610
1 3611
1 3612
1 3613
1 3614
1 3615
1 3616
1 3617
1 3618
1 3619
1 3620
1 3621
1 3622
1 3623
1 3624
1 3625
1 3626
1 3627
1 3628
1 3629
1 3630
1 3631
1 3632
1 3633
1 3634
1 3635
1 3636
1 3637
1 3638
1 3639
1 3640
1 3641
1 3642
1 3643
1 3644
1 3645
1 3646
1 3647
1 3648
1 3649
1 3650
1 3651
1 3652
1 3653
1 3654
1 3655
1 3656
1 3657
1 3658
1 3659
1 3660
1 3661
1 3662
1 3663
1 3664
1 3665
1 3666
1 3667
1 3668
1 3669
1 3670
1 3671
1 3672
1 3673
1 3674
1 3675
1 3676
1 3677
1 3678
1 3679
1 3680
1 3681
1 3682
1 3683
1 3684
1 3685
1 3686
1 3687
1 3688
1 3689
1 3690
1 3691
1 3692
1 3693
1 3694
1 3695
1 3696
1 3697
1 3698
1 3699
1 3700
1 3701
1 3702
1 3703
1 3704
1 3705
1 3706
1 3707
1 3708
1 3709
1 3710
1 3711
1 3712
1 3713
1 3714
1 3715
1 3716
1 3717
1 3718
1 3719
1 3720
1 3721
1 3722
1 3723
1 3724
1 3725
1 3726
1 3727
1 3728
1 3729
1 3730
1 3731
1 3732
1 3733
1 3734
1 3735
1 3736
1 3737
1 3738
1 3739
1 3740
1 3741
1 3742
1 3743
1 3744
1 3745
1 3746
1 3747
1 3748
1 3749
1 3750
1 3751
1 3752
1 3753
1 3754
1 3755
1 3756
1 3757
1 3758
1 3759
1 3760
1 3761
1 3762
1 3763
1 3764
1 3765
1 3766
1 3767
1 3768
1 3769
1 3770
1 3771
1 3772
1 3773
1 3774
1 3775
1 3776
1 3777
1 3778
1 3779
1 3780
1 3781
1 3782
1 3783
1 3784
1 3785
1 3786
1 3787
1 3788
1 3789
1 3790
1 3791
1 3792
1 3793
1 3794
1 3795
1 3796
1 3797
1 3798
1 3799
1 3800
1 3801
1 3802
1 3803
1 3804
1 3805
1 3806
1 3807
1 3808
1 3809
1 3810
1 3811
1 3812
1 3813
1 3814
1 3815
1 3816
1 3817
1 3818
1 3819
1 3820
1 3821
1 3822
1 3823
1 3824
1 3825
1 3826
1 3827
1 3828
1 3829
1 3830
1 3831
1 3832
1 3833
1 3834
1 3835
1 3836
1 3837
1 3838
1 3839
1 3840
1 3841
1 3842
1 3843
1 3844
1 3845
1 3846
1 3847
1 3848
1 3849
1 3850
1 3851
1 3852
1 3853
1 3854
1 3855
1 3856
1 3857
1 3858
1 3859
1 3860
1 3861
1 3862
1 3863
1 3864
1 3865
1 3866
1 3867
1 3868
1 3869
1 3870
1 3871
1 3872
1 3873
1 3874
1 3875
1 3876
1 3877
1 3878
1 3879
1 3880
1 3881
1 3882
1 3883
1 3884
1 3885
1 3886
1 3887
1 3888
1 3889
1 3890
1 3891
1 3892
1 3893
1 3894
1 3895
1 3896
1 3897
1 3898
1 3899
1 3900
1 3901
1 3902
1 3903
1 3904
1 3905
1 3906
1 3907
1 3908
1 3909
1 3910
1 3911
1 3912
1 3913
1 3914
1 3915
1 3916
1 3917
1 3918
1 3919
1 3920
1 3921
1 3922
1 3923
1 3924
1 3925
1 3926
1 3927
1 3928
1 3929
1 3930
1 3931
1 3932
1 3933
1 3934
1 3935
1 3936
1 3937
1 3938
1 3939
1 3940
1 3941
1 3942
1 3943
1 3944
1 3945
1 3946
1 3947
1 3948
1 3949
1 3950
1 3951
1 3952
1 3953
1 3954
1 3955
1 3956
1 3957
1 3958
1 3959
1 3960
1 3961
1 3962
1 3963
1 3964
1 3965
1 3966
1 3967
1 3968
1 3969
1 3970
1 3971
1 3972
1 3973
1 3974
1 3975
1 3976
1 3977
1 3978
1 3979
1 3980
1 3981
1 3982
1 3983
1 3984
1 3985
1 3986
1 3987
1 3988
1 3989
1 3990
1 3991
1 3992
1 3993
1 3994
1 3995
1 3996
1 3997
1 3998
1 3999
1 4000
1 4001
1 4002
1 4003
1 4004
1 4005
1 4006
1 4007
1 4008
1 4009
1 4010
1 4011
1 4012
1 4013
1 4014
1 4015
1 4016
1 4017
1 4018
1 4019
1 4020
1 4021
1 4022
1 4023
1 4024
1 4025
1 4026
1 4027
1 4028
1 4029
1 4030
1 4031
1 4032
1 4033
1 4034
1 4035
1 4036
1 4037
1 4038
1 4039
1 4040
1 4041
1 4042
1 4043
1 4044
1 4045
1 4046
1 4047
1 4048
1 4049
1 4050
1 4051
1 4052
1 4053
1 4054
1 4055
1 4056
1 4057
1 4058
1 4059
1 4060
1 4061
1 4062
1 4063
1 4064
1 4065
1 4066
1 4067
1 4068
1 4069
1 4070
1 4071
1 4072
1 4073
1 4074
1 4075
1 4076
1 4077
1 4078
1 4079
1 4080
1 4081
1 4082
1 4083
1 4084
1 4085
1 4086
1 4087
1 4088
1 4089
1 4090
1 4091
1 4092
1 4093
1 4094
1 4095
1 4096
1 4097
1 4098
1 4099
1 4100
1 4101
1 4102
1 4103
1 4104
1 4105
1 4106
1 4107
1 4108
1 4109
1 4110
1 4111
1 4112
1 4113
1 4114
1 4115
1 4116
1 4117
1 4118
1 4119
1 4120
1 4121
1 4122
1 4123
1 4124
1 4125
1 4126
1 4127
1 4128
1 4129
1 4130
1 4131
1 4132
1 4133
1 4134
1 4135
1 4136
1 4137
1 4138
1 4139
1 4140
1 4141
1 4142
1 4143
1 4144
1 4145
1 4146
1 4147
1 4148
1 4149
1 4150
1 4151
1 4152
1 4153
1 4154
1 4155
1 4156
1 4157
1 4158
1 4159
1 4160
1 4161
1 4162
1 4163
1 4164
1 4165
1 4166
1 4167
1 4168
1 4169
1 4170
1 4171
1 4172
1 4173
1 4174
1 4175
1 4176
1 4177
1 4178
1 4179
1 4180
1 4181
1 4182
1 4183
1 4184
1 4185
1 4186
1 4187
1 4188
1 4189
1 4190
1 4191
1 4192
1 4193
1 4194
1 4195
1 4196
1 4197
1 4198
1 4199
1 4200
1 4201
1 4202
1 4203
1 4204
1 4205
1 4206
1 4207
1 4208
1 4209
1 4210
1 4211
1 4212
1 4213
1 4214
1 4215
1 4216
1 4217
1 4218
1 4219
1 4220
1 4221
1 4222
1 4223
1 4224
1 4225
1 4226
1 4227
1 4228
1 4229
1 4230
1 4231
1 4232
1 4233
1 4234
1 4235
1 4236
1 4237
1 4238
1 4239
1 4240
1 4241
1 4242
1 4243
1 4244
1 4245
1 4246
1 4247
1 4248
1 4249
1 4250
1 4251
1 4252
1 4253
1 4254
1 4255
1 4256
1 4257
1 4258
1 4259
1 4260
1 4261
1 4262
1 4263
1 4264
1 4265
1 4266
1 4267
1 4268
1 4269
1 4270
1 4271
1 4272
1 4273
1 4274
1 4275
1 4276
1 4277
1 4278
1 4279
1 4280
1 4281
1 4282
1 4283
1 4284
1 4285
1 4286
1 4287
1 4288
1 4289
1 4290
1 4291
1 4292
1 4293
1 4294
1 4295
1 4296
1 4297
1 4298
1 4299
1 4300
1 4301
1 4302
1 4303
1 4304
1 4305
1 4306
1 4307
1 4308
1 4309
1 4310
1 4311
1 4312
1 4313
1 4314
1 4315
1 4316
1 4317
1 4318
1 4319
1 4320
1 4321
1 4322
1 4323
1 4324
1 4325
1 4326
1 4327
1 4328
1 4329
1 4330
1 4331
1 4332
1 4333
1 4334
1 4335
1 4336
1 4337
1 4338
1 4339
1 4340
1 4341
1 4342
1 4343
1 4344
1 4345
1 4346
1 4347
1 4348
1 4349
1 4350
1 4351
1 4352
1 4353
1 4354
1 4355
1 4356
1 4357
1 4358
1 4359
1 4360
1 4361
1 4362
1 4363
1 4364
1 4365
1 4366
1 4367
1 4368
1 4369
1 4370
1 4371
1 4372
1 4373
1 4374
1 4375
1 4376
1 4377
1 4378
1 4379
1 4380
1 4381
1 4382
1 4383
1 4384
1 4385
1 4386
1 4387
1 4388
1 4389
1 4390
1 4391
1 4392
1 4393
1 4394
1 4395
1 4396
1 4397
1 4398
1 4399
1 4400
1 4401
1 4402
1 4403
1 4404
1 4405
1 4406
1 4407
1 4408
1 4409
1 4410
1 4411
1 4412
1 4413
1 4414
1 4415
1 4416
1 4417
1 4418
1 4419
1 4420
1 4421
1 4422
1 4423
1 4424
1 4425
1 4426
1 4427
1 4428
1 4429
1 4430
1 4431
1 4432
1 4433
1 4434
1 4435
1 4436
1 4437
1 4438
1 4439
1 4440
1 4441
1 4442
1 4443
1 4444
1 4445
1 4446
1 4447
1 4448
1 4449
1 4450
1 4451
1 4452
1 4453
1 4454
1 4455
1 4456
1 4457
1 4458
1 4459
1 4460
1 4461
1 4462
1 4463
1 4464
1 4465
1 4466
1 4467
1 4468
1 4469
1 4470
1 4471
1 4472
1 4473
1 4474
1 4475
1 4476
1 4477
1 4478
1 4479
1 4480
1 4481
1 4482
1 4483
1 4484
1 4485
1 4486
1 4487
1 4488
1 4489
1 4490
1 4491
1 4492
1 4493
1 4494
1 4495
1 4496
1 4497
1 4498
1 4499
1 4500
2373 1370
1301 4422
3555 1160
3146 4451
133 3936
3963 498
4256 190
1600 2253
761 4082
1424 3047
2116 670
4471 1160
2565 4133
2850 1130
1707 1095
3946 2291
518 2981
2593 3652
4469 3721
314 3148
3413 46
1619 755
2695 2805
2200 1145
167 4346
4079 3731
4315 274
1411 3738
1874 3158
1698 2059
2967 3093
2071 1699
2393 1734
441 226
302 1333
4076 1675
1283 3973
3867 3049
2434 2680
919 1223
1593 3608
1372 2087
4398 314
3380 2186
2211 865
3761 1536
420 3820
2931 1958
843 2364
1995 1416
1843 1695
23 4060
4102 2880
38 3027
2757 329
4138 4043
1924 4391
3913 4097
3688 237
2622 120
785 2579
2119 4122
4207 3275
2402 4309
1913 1910
201 3450
1403 625
2411 590
3646 831
1600 1163
1321 118
3241 3049
1883 2718
2706 3891
4320 2920
973 4144
3428 3016
1518 4413
676 3191
1860 3428
1653 1111
2656 1314
2077 3594
1530 1882
1633 1580
3984 3716
1244 2442
2121 4402
1228 1443
469 3595
2906 3291
2600 3981
786 2306
1522 2602
1314 2797
457 1486
1853 1286
4242 2467
1365 4309
4443 2042
230 549
534 3519
4284 846
2535 1945
155 3355
3901 3848
1190 4278
2136 4201
2676 2534
532 1148
2748 3934
3457 62
1635 2557
342 3245
38 1724
1117 1789
2561 1385
1957 917
1276 3633
1510 4168
924 2288
1841 1940
2507 2271
3083 1548
2774 1215
1257 1092
2271 3887
3454 1079
1936 1021
4406 334
1169 2984
1830 1689
822 1438
137 753
209 1318
2565 864
1657 3356
4282 3547
2284 3978
2127 91
1856 1312
1347 2025
4356 4312
3473 2678
3957 426
4364 3495
2503 4460
1111 1339
1278 1733
4242 3377
952 4294
60 2192
3227 2585
2761 3372
8 2203
2123 3496
87 4239
1605 3913
676 776
3446 2581
3600 1629
3539 3316
1366 2167
1361 3850
467 1610
2065 2274
2949 2434
967 4005
3318 538
3415 3793
3785 852
1136 4077
705 3170
827 2217
3031 998
1252 2924
1319 2401
789 449
577 4437
3733 3976
1902 3703
426 3721
1918 1093
3977 1840
2182 291
2498 1988
1270 1195
3795 1550
4294 2810
2221 3212
4190 2576
1333 175
3178 4491
1094 391
2891 1703
3495 1018
57 3937
3221 2895
359 3776
3121 898
4390 2264
416 169
1496 1931
1913 100
4212 519
219 4120
2330 4440
4286 1600
485 341
3815 758
3592 3651
2558 2019
2849 2628
1877 1982
3423 665
3019 924
3804 4275
1955 4404
370 180
3252 2350
1415 3529
3278 2107
2696 2522
3469 1435
843 496
3253 4160
920 1528
3123 2899
4397 1510
4178 2708
2904 2740
3315 427
4367 3979
496 664
517 3059
1883 4014
1922 38
1043 1502
611 1302
1995 4387
1707 4481
3332 3901
87 3587
871 1691
1375 3650
3182 3460
3438 3326
3683 2911
194 3004
728 3256
1835 3177
3510 3700
2167 858
3702 2119
3078 2969
2222 3799
4184 2066
1527 3154
34 3365
1340 2989
1910 2073
138 3657
1287 1841
1302 1007
4466 3143
4014 348
4268 2175
2542 3843
3124 1115
355 2040
1439 1135
1695 4159
126 2696
1581 4297
1839 3417
4336 809
4424 2451
2021 2577
1513 2423
3316 3569
2446 812
2243 1745
1218 3004
4171 1469
284 2049
141 861
230 1016
1891 2601
3323 4393
347 317
1561 302
1463 4014
823 137
3461 3573
158 2808
738 2543
1679 420
3754 3515
2071 1333
3364 3492
2792 2216
3314 1621
4400 4177
3290 2642
434 1657
744 3585
3489 474
1290 1130
2753 745
4306 3256
50 3044
1159 4065
3399 2652
2151 2767
4289 990
3485 570
177 191
1018 262
2143 4085
3955 3540
915 3278
4426 1564
3233 3541
3629 2965
2137 2676
683 395
264 570
609 468
47 1122
4335 2172
4411 3741
1481 1964
1127 1660
147 999
462 250
2426 3661
4466 3683
3757 116
1435 3320
1330 3406
425 2540
384 797
2360 1244
2827 2592
3724 4274
2553 3413
2729 201
2133 1321
905 2356
1832 519
398 3762
1267 290
2892 2400
1040 1793
59 1509
3769 1449
3043 468
1650 2484
3441 78
3227 3049
1227 3457
823 3015
3470 2950
1958 223
1145 3107
2372 2776
94 91
3871 2927
196 2579
2748 1111
1776 3363
1799 2062
733 1475
1104 4133
1616 307
4161 1019
2928 2218
374 4316
3810 3699
801 744
1305 2051
848 4395
543 602
2112 183
122 3704
2110 2739
53 2510
291 994
3541 2425
2405 2310
168 2521
3421 3201
2883 1828
2499 525
2282 718
3263 1964
62 3341
1551 3405
1280 217
1095 813
600 577
2983 2771
4070 416
3269 2480
1534 3064
3696 4347
1510 1503
865 3609
1167 1297
3370 2325
2506 1206
4404 3506
963 261
869 1610
2509 2445
4274 4268
4136 2262
228 3236
3815 3954
1029 765
2681 2564
2304 660
1882 1520
4118 1491
12 2047
3133 3668
2646 3941
283 1268
2564 168
3618 4485
3140 2530
1668 770
4446 3015
2234 2259
3575 1066
2433 1627
2484 3797
695 1047
4484 1549
4067 3670
2272 1719
2877 2167
4273 2139
3069 1618
323 4027
1060 4026
1271 2184
166 2325
3145 3020
3001 2723
969 2690
1699 1639
3976 1785
828 915
3131 4205
2175 2444
1809 156
2489 3060
307 4332
4182 610
2314 1919
1228 2503
4349 2545
4357 864
2878 4102
237 1702
969 2286
169 2479
2339 3678
1391 2536
2021 2539
713 4407
3494 2886
3377 209
2610 2462
3043 1384
3060 190
2953 1261
2703 599
3876 1067
3596 3612
4065 1522
4350 729
2544 3336
484 2105
611 2159
3974 3658
1972 115
1886 1122
1712 917
2195 540
1255 3776
216 844
4150 885
883 1716
3945 1048
1108 654
2335 3624
2394 271
1425 2112
165 1516
312 1683
2357 1166
2270 1738
3636 3700
2613 1823
868 4316
3731 3746
1387 579
4174 321
867 823
615 1842
2804 3776
1061 3221
3781 30
2521 262
4221 207
2701 2587
719 2564
1938 4084
429 874
1540 2350
222 3389
1693 3831
2263 1694
2926 2374
3520 1777
797 2586
1467 2195
3490 2966
416 1124
1079 171
3769 1301
4089 3783
119 280
2318 1179
1303 3144
3405 2998
2179 1281
970 293
3892 1293
869 2512
3377 2970
382 1029
1923 2320
3897 1098
1258 1694
1978 1932
3209 2388
370 4350
2179 2627
1015 3780
351 4442
4320 2841
3282 1263
2445 1473
307 2972
2472 1721
2176 3284
897 351
4165 1492
1723 4029
3658 1473
769 4375
173 3571
3049 679
94 4339
2672 1943
2811 4148
3233 3996
3610 3491
4097 4026
3947 4256
4267 4459
1518 578
4466 679
2784 1276
2054 2566
649 773
3295 2654
2629 2655
3056 262
602 1399
1917 3050
2247 1484
4275 166
3252 4297
4212 66
3579 2642
3835 4265
3104 4483
3445 2882
1740 2982
3352 1726
16 982
3638 216
1598 1303
1420 4379
3336 2834
1907 1661
2671 996
1700 564
1198 261
749 254
3662 3268
2933 2301
3289 2528
1598 2955
2408 1583
3141 3202
4247 3446
1331 3019
1977 206
4087 695
2584 2756
3775 3479
3708 21
3384 2980
2133 4013
3015 715
3901 3347
4376 1056
6 4157
985 3688
3629 2153
2608 561
1621 4205
759 2331
645 229
2196 2073
2390 962
1410 2506
162 3131
312 682
1583 1379
1190 1605
138 2927
3161 1547
3372 224
2017 2268
3835 4081
753 3590
2951 4097
3247 944
537 1399
2773 1514
2060 1474
434 3147
2963 2946
1381 2446
683 3424
1232 3792
534 851
45 2736
3397 2130
186 2589
572 4210
3653 4459
342 888
58 1936
891 1724
4495 144
241 677
1403 3353
2070 207
1570 3283
556 2011
3245 991
1625 2909
3271 1910
2687 543
1849 3690
2583 3409
1034 2099
2928 1609
3876 431
255 4133
3713 325
1909 3228
4346 3129
3577 712
1335 2371
1701 2132
3629 1357
1763 705
1529 2953
3910 1492
89 3489
2370 2139
3835 35
3570 191
2501 3781
1691 3454
22 3634
2344 1452
554 3107
3731 4452
576 3248
3347 1769
574 4102
3315 4391
2392 4427
4361 2891
1634 561
1252 1457
2874 3070
419 210
1121 2262
2177 1704
823 1475
2761 2071
3036 2246
1991 1347
692 2101
4159 586
1521 401
1145 3254
379 538
2835 2825
3927 4217
2030 3287
3186 1706
3952 619
59 1938
3511 339
2677 1338
4416 1430
715 2411
3294 2639
2628 2868
2247 2858
3669 1393
3040 1879
2357 2720
3897 989
845 3688
3094 3260
231 2194
4194 708
3581 2423
2928 2660
552 3861
1017 1143
180 2275
724 1802
2794 1345
4144 4451
4463 4292
1356 1822
3467 2051
3819 1419
1320 1502
4096 973
14 3053
3154 674
748 1068
4059 2122
1417 3427
3284 4436
2916 388
3456 2351
527 2336
3004 3204
1875 3763
1561 2196
4175 1904
15 2099
3209 3488
2324 3511
2764 904
2991 4351
3519 3527
890 2988
480 45
1086 1775
2303 4072
4071 3042
4371 4022
3195 183
3520 404
641 2353
1230 2212
3080 672
2201 617
1574 4176
2785 4095
4433 1580
3588 1674
799 4377
3715 1448
2248 1365
2705 2571
1576 3667
4445 3992
729 2662
4161 2810
1896 1318
3552 728
896 4227
3844 1900
4401 1717
3757 2379
1154 687
4371 1670
1757 3444
1138 1752
566 810
730 1604
2722 3360
1456 2760
16 3841
3183 241
3258 1498
1923 2150
997 4363
135 3049
2087 3111
245 2868
2627 565
3419 791
1892 1317
3596 1987
919 909
3320 1628
368 3997
3755 607
3931 4358
3504 2747
4469 3975
3635 1711
2159 1587
2298 3850
1426 3436
3488 2411
201 2429
679 3810
2262 4120
4292 3095
973 501
1300 1534
2206 4354
1150 2307
1539 2010
3351 1990
3844 3674
3887 2156
3980 1765
1187 1238
1886 399
1777 3751
3246 3387
3378 1302
2243 3958
2307 4289
2039 3826
2480 3504
1795 1698
3289 2488
2796 3012
3221 3913
1889 3413
802 2933
2117 1051
4159 3727
700 3184
1552 2900
2692 3027
3388 1240
2452 547
2411 1929
3135 2
1884 2491
2390 4313
4243 1098
2353 2604
1395 3172
3054 4426
4179 2997
722 1931
4094 2852
3270 1885
1249 1771
2682 2508
3580 1240
588 3371
3112 3497
23 1739
814 1542
2186 4493
1881 97
3869 1336
745 128
2815 2534
1440 402
2349 3327
897 320
3702 2652
3497 2553
1414 782
1248 1461
1386 424
2967 2323
581 550
103 962
2954 1022
528 866
3680 4056
3920 2403
2665 1810
2576 194
2556 893
2268 1211
2745 3136
1901 2382
4333 3308
2337 1971
1203 1608
4333 2160
3050 3447
1677 2732
2582 1083
3442 252
3837 2473
843 4012
894 2383
3587 2313
560 1857
2273 1337
281 4396
4274 3862
1539 3059
2038 95
2245 471
1565 1050
1171 1256
381 1777
3952 2840
495 3371
2061 240
2391 3065
1005 2478
3035 2015
3301 2660
4134 2099
1237 4434
4186 3548
4002 667
308 514
3417 1380
85 3355
1622 1459
2532 622
2022 2267
2002 108
4005 96
3242 1721
220 4054
2632 4394
1332 1768
3797 1623
3357 1071
3984 3273
1274 2838
1881 2360
1703 2531
3521 2350
2690 2651
831 2467
192 3384
765 1073
1364 1285
3142 4473
2502 312
158 3874
825 1929
2562 716
2591 1636
2390 4283
3443 1835
3291 3597
3504 2691
2320 1380
48 1706
1688 1749
633 1846
4274 4003
2786 359
2476 2748
1765 185
59 980
90 1534
3425 445
1067 138
972 2857
100 1740
2850 1663
2620 2123
3785 2436
603 3710
3599 865
1059 1095
2697 328
4404 1684
3149 1115
2401 1124
2003 2053
1897 2219
523 2099
372 2462
714 1706
3265 2325
4071 1399
3794 3751
2655 2339
1379 3359
3417 3166
1273 3841
160 1142
2756 1462
3510 3508
850 3049
306 4328
1074 1155
411 1858
1885 1586
3245 314
1635 2787
2283 3357
4121 599
1084 4187
3848 3146
2206 2434
164 2200
3994 709
1478 3034
2295 3001
1815 2431
4370 850
115 1765
3265 2500
679 216
3440 2033
3499 249
2872 4225
937 1122
3335 3260
3075 1938
180 3358
4340 3797
831 4095
3053 4270
563 2396
1327 1170
3360 4127
55 1924
3427 3404
238 4450
3763 2663
3447 1542
18 1912
803 2641
1215 151
1179 168
1838 1208
225 2486
705 4009
2888 2433
3680 1436
1217 3281
175 3538
4491 2324
4366 3266
1355 2205
3897 2969
666 4310
1786 1214
1969 561
378 4051
1296 2781
2932 1709
3978 1001
79 2261
1388 762
3829 1843
954 605
3060 3125
944 4381
1329 2922
2573 2601
21 4376
3538 4308
394 1901
168 2804
3268 1620
104 198
3098 291
4260 3893
1607 631
3556 3696
3894 2824
1080 3998
3562 3171
570 3025
3002 2874
2600 192
3924 2785
2916 4471
48 3669
3315 3803
3460 2438
3814 3023
3727 628
1061 3454
2449 3112
646 1833
1603 3644
66 2699
2906 1671
1818 4049
1775 863
2095 262
2817 2421
3525 2214
1249 2770
3906 2169
1401 4460
607 3155
3157 2805
838 1450
1846 1816
2540 2840
1299 654
1323 1469
2872 2849
3461 924
1130 1535
474 105
1076 1608
620 2192
4030 3142
1678 3118
1245 892
2413 47
793 33
1581 1260
529 2214
3512 3171
1850 1320
294 362
1238 2215
1708 3175
54 3592
3469 3073
3780 1515
4272 143
4219 1164
2100 1627
3481 4139
187 2205
2700 1851
1812 3686
2367 3550
2263 2618
2204 546
166 1160
839 3454
3073 2138
2159 625
2848 577
993 217
3709 3976
3170 3909
3781 2627
3081 4380
3354 330
3024 1056
1402 4463
4021 2001
2287 4006
122 2093
4164 3216
574 2496
2392 998
2544 901
2393 2056
3509 3105
564 349
1252 1430
2668 902
4052 646
2705 3554
608 1174
2240 2153
2200 3461
3567 418
4479 824
1655 1591
3167 1688
4270 4279
3965 1831
594 1837
1822 2180
176 1399
1980 1337
4172 2551
2570 2568
2983 762
2959 3604
2132 683
1487 1415
1549 1518
2485 1503
1623 1479
1033 3942
3878 4185
429 258
811 4460
3591 1122
2338 873
942 3844
3573 275
1908 1019
2978 724
2944 3460
2275 1844
4317 109
4437 4378
297 2505
2607 815
2628 3436
766 1847
3332 540
720 874
3648 3995
2968 3855
1482 1043
3140 563
1138 168
2618 2355
4364 4112
1711 1210
4332 3872
1113 1853
424 664
2735 3473
4249 1747
2687 3432
399 1523
3818 916
613 3868
1488 1375
109 1350
4414 4214
1781 2519
2569 2426
2420 3426
3382 4352
80 716
652 3327
3641 4500
2004 4302
1987 1766
4439 487
2705 3796
637 503
276 2641
3708 2247
3113 2256
3133 1452
1737 3200
186 3011
2526 164
657 3811
4443 396
2946 3141
4365 3465
825 2974
1578 3797
1023 3015
380 548
2881 2494
925 376
4385 530
4108 846
1303 963
1240 1036
3129 2128
3594 2848
809 1350
389 1180
1322 168
3820 1512
1564 2887
261 1512
2747 1295
1656 843
150 2343
1493 1207
2491 4109
247 1541
997 3760
672 3834
828 304
2011 3320
1079 2629
465 1857
2197 2141
2227 3975
3849 3279
3715 297
2292 2756
3716 1196
3872 2863
590 736
1186 3914
3530 383
447 3345
2003 3851
3155 1
3364 2297
3996 4076
4031 972
1834 1622
2331 3574
3823 934
1981 1851
1655 581
603 2910
2345 77
2742 2274
811 3979
1801 2133
2482 3442
4319 3876
2664 4317
2787 1232
1767 3454
3180 941
3222 4382
3711 4161
558 2785
2961 2237
1811 1528
2459 2980
1601 617
272 4468
2468 3844
1052 974
3504 3225
2463 4417
2872 3694
3861 928
601 1381
273 1759
1716 3574
3772 4336
3824 3916
1649 373
3305 1810
1049 2950
3561 2034
2315 251
2701 2577
2463 387
2439 1609
1886 989
707 3569
1402 1790
1986 2407
812 4258
1188 2616
1015 4498
4286 1099
864 594
946 4131
1660 2446
2341 113
3242 263
1039 437
443 3274
1068 24
4118 2435
3226 3355
2838 1152
1095 1687
2608 265
4430 637
4247 1920
1446 654
3424 2633
2181 3238
642 4300
3254 3738
4262 1658
3387 3442
4247 2791
1277 3146
1414 3096
3793 3340
2930 2619
2753 3821
1666 2684
1820 1196
339 2009
1113 3420
3431 3284
4088 306
3637 4271
3224 3745
3207 3812
14 3611
3696 3640
1808 754
3088 972
1197 1377
4382 1047
1797 4155
193 3277
994 2025
1326 3147
230 1923
733 3054
2000 868
4242 1045
589 3206
3523 1329
3660 2714
235 3599
1692 1376
785 4248
2277 2765
821 1784
2673 474
2461 816
587 1412
3702 3561
2230 3759
1893 564
1823 1777
2154 2375
4017 1135
1672 4310
2964 856
1597 795
3437 2951
30 1254
3912 4129
345 1970
805 2171
886 1605
1752 2156
3773 37
2412 1879
4269 3563
4153 3871
1859 4206
1003 1742
2893 2497
4356 1010
1873 3222
1176 4217
16 4332
3871 4039
855 916
427 3085
1751 3852
1485 224
3963 923
3774 4214
1854 292
539 1469
4025 2714
1879 553
4354 3718
438 3109
3505 4482
3203 1946
2058 3732
508 1928
3806 2377
4082 3670
1889 366
2236 1842
669 1308
72 1191
1978 3740
4287 1826
943 849
863 2952
370 1847
2412 3634
832 3985
417 2609
2006 2994
794 3352
1208 3110
1556 3431
1616 1771
27 4225
4290 395
513 2785
1828 1022
2703 3813
611 4183
620 535
4459 2620
454 2624
1279 4393
3620 3937
1076 401
3311 2494
2240 2767
1315 1917
836 504
3073 2389
240 4068
1167 141
966 2999
2597 2457
531 1871
2505 2676
3550 1520
2995 4187
3814 1360
1482 4255
2016 337
700 96
576 2091
4090 1153
4466 4003
348 31
4105 3623
4041 607
2721 3982
1371 4469
2732 1943
3832 1376
973 659
1814 830
1497 3795
1414 3462
211 2323
3489 2110
855 1191
3448 2766
3428 3650
2817 3511
2692 860
444 634
1117 3239
990 1023
3702 2445
1402 241
3087 760
1408 3381
1997 3270
2949 330
1632 3031
826 2105
4396 2816
850 3396
3353 1000
924 2906
4473 2085
3217 1835
2997 2150
3299 1774
1114 991
3810 3207
1398 606
1286 1157
172 3269
1975 1630
1267 2524
1345 1712
4484 1508
3236 4149
1455 4438
2436 4395
2902 1038
2486 3380
175 321
4285 561
4286 2037
674 955
632 3181
946 2351
2622 1819
3342 460
592 1453
1157 4347
4472 69
3611 1106
1811 1090
799 3499
955 4087
1317 319
3028 2209
29 2975
1947 192
1312 3102
402 2450
1170 1492
602 4369
2385 2682
967 1835
299 1418
244 1275
120 2871
1184 1551
1874 1159
529 1449
2400 3462
1297 1492
2753 2114
3590 1007
1391 1022
3012 2879
4202 49
3994 1504
3086 80
308 777
3968 912
3615 1603
3803 2460
3218 2338
3759 1208
2480 425
3715 236
2578 3273
4379 4244
849 1161
1080 1611
3525 4210
2946 18
3099 609
2789 3451
389 2538
661 64
2849 4116
1599 3876
1170 2699
2257 2329
1158 1599
3345 3912
1670 3425
33 1261
1782 4113
1588 948
502 1637
4399 1860
1894 1558
2422 3978
3541 189
2287 131
298 2012
3127 4168
144 2648
2325 645
2227 1619
1711 196
850 2266
2166 1247
3644 1777
4218 1195
1575 2810
3674 3334
1341 3221
2309 4488
1900 4485
3439 1425
2463 1373
533 2363
1566 541
974 255
287 1612
101 3363
2740 1246
4315 4235
3253 2716
2770 1939
286 4033
4118 3829
2970 2911
2613 1875
20 3641
279 3840
2337 1998
192 3984
2018 4005
2438 1061
3801 3124
3803 1755
486 3066
1869 3094
3581 2210
221 1560
1646 1551
375 932
2611 1881
1064 3656
4405 1538
2815 2893
510 3391
1734 2120
42 202
465 355
3481 2706
2453 3853
2969 4322
1373 2173
3332 1748
1226 237
151 2
3704 1753
4348 1469
3106 1846
1354 278
1155 3102
2665 1385
1187 241
3731 2934
1308 2441
2134 683
4456 3641
3049 1741
3161 2485
3216 1007
3294 363
685 747
3138 3295
2222 2402
4297 4372
4248 3259
3833 4077
3991 2892
1063 2142
301 3078
571 4261
1239 1270
496 3842
1914 1766
778 671
2052 714
4200 740
736 2988
2187 99
569 3914
2727 1477
3241 46
1382 1647
4325 4417
3815 2498
2396 254
2601 2189
4102 952
2721 2101
2889 3552
574 312
940 2947
3732 2014
78 1936
2007 3605
1881 3465
3491 731
258 4256
2363 4188
655 2766
3118 2527
1698 3319
3802 2052
3350 2902
902 91
4241 3952
2192 3260
480 1692
1097 218
2445 1794
2478 996
1940 1464
1934 1293
3383 4422
2349 3394
1955 2943
2959 2495
2751 3876
4418 4182
2342 484
3600 1972
1280 3153
3664 1973
1576 3192
3250 1464
894 3483
1056 3681
1516 3146
2712 772
3963 2721
3880 823
1775 1060
855 1576
2734 59
1287 4015
1197 1938
4357 3262
3444 1269
2834 3365
1865 4294
2338 168
2662 4475
928 3689
608 4067
1773 1183
571 1980
29 2552
3585 4262
2480 3571
3539 4496
688 2391
3239 2660
912 1359
3477 384
2484 3146
3871 2298
1565 3419
391 3835
3443 3843
994 3753
2279 1151
4051 3182
769 663
3970 4223
4055 79
1555 2316
1193 14
1175 44
2971 4360
3790 1749
1268 1254
1139 1925
3850 3908
1482 3216
3997 155
4275 1330
3859 2848
141 718
1756 3117
1178 2795
94 15
473 2400
3942 1662
1163 83
913 2695
1022 4289
3616 1410
4144 3387
2795 1112
3716 564
1322 1353
3147 2371
227 1107
2476 3675
2978 1057
154 2362
498 2785
4055 2545
3189 98
1037 3220
1364 1177
876 2587
1568 4050
1212 2305
3761 3500
1927 3087
1395 2256
72 2858
724 2620
4478 2950
4200 2613
413 4005
876 2828
197 1824
4065 4030
893 3105
1619 3847
2925 2273
3218 2101
3124 4446
571 4394
1071 2637
2369 2727
1800 4393
2531 1264
1594 3849
2801 2840
1038 2878
861 245
479 3673
2950 289
3809 4068
3764 2574
4072 3481
3206 4241
645 2007
3207 2955
3794 2029
1656 798
2321 2303
259 2200
3269 3199
435 377
799 188
2369 3949
3080 3077
2381 4224
878 2807
1492 2815
1836 296
2307 2975
1965 391
4005 1381
2236 2928
3092 1651
349 8
3726 590
4397 3971
1844 2476
3927 200
484 1136
2817 3977
1363 2870
2291 3898
1698 1515
1719 2038
1056 1501
1849 1337
342 635
451 3134
2641 311
3853 2389
216 3072
2501 3083
3677 3630
3143 2130
3113 2242
4414 953
4143 2203
2186 1623
3957 3936
809 3735
3337 4435
3269 301
3227 1812
2254 4121
4077 4419
2496 952
3130 1779
349 1736
3533 704
7 95
958 2452
1601 2311
626 1974
2175 469
4230 3991
1867 3915
3815 1213
3474 2446
1761 3190
2066 2831
2936 3659
1238 2645
3437 3286
200 3742
549 3638
4097 2304
2775 891
438 1460
389 3764
4399 3189
391 3079
241 1615
808 4256
2146 2035
2117 3453
1131 4133
1796 2585
438 1627
280 745
1561 3189
2729 1838
4197 1684
4269 1666
1398 2835
3161 1548
1841 2957
648 2458
2633 515
1914 4183
3974 4209
1040 2371
4101 45
1505 505
1363 1791
4306 903
2607 3656
3830 1082
2952 1225
2886 3298
2819 470
690 3960
2972 2438
1209 3297
4428 3775
585 2582
1248 3799
1548 2906
485 4437
3262 2669
3991 2990
790 2940
3194 2400
445 77
326 3139
2584 2111
2809 3464
3625 133
1653 3393
4231 83
2875 4320
4058 983
2180 3186
2151 354
1776 1046
416 773
1818 3996
1232 1872
3745 1398
134 3219
3160 2758
1958 1426
2837 525
4286 2639
3199 1506
1784 2811
860 1933
2019 2821
3057 3289
2467 3364
148 233
473 869
3810 1584
1704 1752
2507 3435
2273 3861
3558 1346
267 3368
4007 2525
3246 1942
1519 2502
3847 125
1840 2309
1286 1579
3969 1035
2006 3978
3338 1017
2565 3395
4349 170
4205 3745
3871 2402
967 2449
2024 1081
2205 1255
191 4329
1412 1664
2686 4370
3148 188
1161 3091
3581 2464
2999 3241
3563 1716
580 2716
622 3371
1266 3192
1637 1934
3054 2486
4257 4282
671 3856
638 3309
2782 1180
2144 2137
1004 2434
3662 1446
3670 529
2003 4374
622 1578
1325 3496
4363 1370
3384 1468
4155 4114
3201 3236
1173 1835
3566 1216
4454 3809
3842 3780
1992 3931
1884 2460
1818 424
1192 475
3948 2216
2083 1885
1998 418
2032 3059
2332 2164
1659 1452
1833 1637
3770 1427
331 206
4331 1931
1606 2075
319 3382
3269 4121
1921 179
243 429
1947 3342
354 2755
2099 417
1457 727
605 927
440 2349
2919 1964
1609 1637
4056 2310
2912 4153
2535 190
4328 3462
1299 2329
1253 2398
4001 809
3316 3567
4089 1074
548 777
1397 3554
1440 2925
2724 1012
2582 4453
1184 2867
2880 3123
1792 2009
460 72
252 777
3188 3137
1978 1959
4377 1153
1890 3456
2511 3322
1653 1116
3635 2999
1614 3639
3440 697
175 3768
1358 2343
863 2500
1233 1162
2077 3060
2803 1427
4250 697
1645 4174
2752 1300
1241 4333
434 3094
937 371
3066 3193
3479 297
1219 2736
2769 969
3544 4286
298 2397
3967 2692
2030 2599
302 1244
2968 384
2428 1340
2449 1581
331 4341
1358 751
1170 3569
2875 2529
403 4330
1412 1720
592 2069
4045 2808
1786 3539
2900 3100
912 4176
2822 1779
3220 167
1816 4204
3130 3952
3444 3099
761 68
3197 3488
2809 2697
1992 1588
2000 134
4052 2807
2121 4354
1193 1283
1168 1718
745 2632
2121 1688
442 2189
143 1702
2044 1518
1648 3644
2025 995
1031 4419
4053 539
3644 2654
3774 2129
1398 2247
4467 2486
1190 2092
500 254
1854 422
647 3975
1107 1853
929 1379
75 1629
2368 2963
2654 436
3378 3178
3352 491
2343 3951
2610 4259
140 1644
806 1159
3927 1385
1380 2314
2580 3097
1493 2153
869 4484
1174 4450
1234 3189
3241 531
785 3130
2075 2106
2982 952
2435 3665
4141 2094
513 2515
755 3220
429 1293
823 3141
605 1699
1399 732
3939 1370
3459 4142
2425 686
642 1415
2945 4217
2857 924
4091 2500
267 955
3743 3772
2352 3938
2476 1540
1546 266
4469 795
34 1808
3231 2693
3462 4321
2290 1535
1692 49
767 1928
3291 873
975 2690
4140 465
4472 1933
3532 2349
403 4427
3551 4201
971 4123
3118 4204
2563 1066
2115 1937
2679 249
168 174
749 2616
1007 1592
3949 165
3009 3663
836 580
1786 4040
3720 3590
1649 932
1279 773
1238 1414
1195 4499
1867 1837
4272 753
1297 4272
1069 2268
1892 3879
4397 3484
2661 2398
12 2011
4052 346
1422 4273
5 2467
1507 233
3952 4261
1339 3008
4112 1925
2863 4086
2063 1125
3280 3743
800 3360
3654 59
1134 3545
2311 1775
970 2959
4114 1712
3321 2731
3442 3831
1774 4067
2491 4035
352 4292
3213 2952
776 2798
1550 920
2887 277
1256 4370
3287 3981
4339 2457
1764 778
3043 2606
3174 4090
1536 1810
10 1913
1546 728
4121 2861
4008 1451
872 3627
1489 2243
2184 3070
129 2016
1535 1182
3850 2775
1296 4153
3703 2966
1526 746
2716 181
1059 906
3394 2399
4045 2549
722 2690
466 3005
1953 503
370 4029
2549 3564
214 4055
1400 173
680 2184
2395 1559
1270 1588
1213 1374
621 1562
4397 891
857 588
1319 2398
3140 1272
3644 2153
597 3966
3307 3188
2918 3054
2364 886
2088 1578
122 3735
1320 4388
1263 3755
771 1790
2967 4064
882 2679
1772 2175
2761 4387
1059 941
1556 3081
2508 210
635 3424
1037 3734
3658 1801
1252 3468
208 3219
3276 3001
1592 3953
1270 1604
2853 3669
1799 3496
2914 3304
439 669
930 2680
4255 1978
4462 745
254 204
2525 2949
2473 3345
1837 451
2031 617
227 3959
3029 2089
2941 1712
733 3533
3475 2905
1158 3802
4362 966
4216 938
1936 2200
4400 3117
2928 45
3782 509
3205 3470
3488 502
2663 3902
476 3857
219 2988
3156 4342
3773 4272
2592 3503
3963 2835
3773 4350
2924 3481
1096 1865
1325 181
4388 3218
2080 571
3169 266
3717 1641
2571 158
628 3066
4207 3620
303 2151
2548 4382
234 2879
896 11
3027 870
2001 4415
1076 1987
2782 2671
1023 2751
2661 900
2222 2225
3489 2049
518 1396
1067 1675
1821 2695
3342 79
421 2562
3012 1983
75 2323
2376 1132
4394 2481
24 1434
1457 2833
3225 3333
1730 694
3582 1508
929 2332
3949 578
1043 1194
3433 3139
1032 1162
1775 4142
3058 1817
1956 738
2608 3185
975 3954
4097 3681
2779 2403
4258 1917
3517 1630
2418 2154
3083 866
3931 3670
3282 2954
3119 553
1478 1143
2171 2413
4429 94
4034 969
4237 2832
298 4303
4206 4272
2016 1041
2571 250
1878 761
3354 2408
2669 752
2210 3198
3057 2218
569 3733
1865 4250
223 2263
2665 1521
2335 3034
1371 4035
3457 1623
1654 1886
2626 3853
2721 4030
3573 2760
4269 2346
2325 2786
3255 3001
1091 2716
281 2367
1773 878
1640 55
4101 530
3079 1763
3664 729
951 2270
3514 3898
3962 1122
3105 1230
898 3556
2759 3820
1094 571
2786 79
1675 4
2750 4247
2811 1274
1132 110
1727 105
620 350
1285 1313
1613 159
4408 2239
2036 1385
2637 3
3842 1117
1342 2262
872 704
1938 3080
916 987
3218 4243
1475 2661
2143 4491
206 4278
767 2337
209 541
2230 3724
3282 469
246 1885
1595 2738
2394 2123
3984 306
1225 570
1190 887
4098 1145
4264 3828
1475 2120
3706 701
2113 3950
2802 1859
2238 892
1754 1771
1916 4192
29 3515
889 2463
4176 4058
2050 3198
4124 3895
3718 1325
719 4494
2457 4395
2827 2750
3476 3849
864 3554
1144 2296
3816 4476
1030 1161
3328 4084
1187 387
3569 1558
1647 4148
1528 795
1228 2315
1532 1454
516 1540
528 3999
2322 2051
1198 3778
2695 629
804 3380
3426 3156
1504 2849
1481 2462
4474 387
2054 3216
2067 1281
3818 189
4472 2861
2335 1846
2771 3572
3618 395
4045 2557
2811 733
120 2620
1541 4186
415 1628
2115 1297
1314 2221
2530 3837
2213 4152
1326 3237
3323 4048
1141 3055
2925 1866
2047 1300
3789 4184
3840 96
1680 1284
1035 1768
1857 828
2326 4166
2058 2408
3649 1934
2275 3247
3187 1384
778 1846
752 3203
3157 3139
6 1077
883 3542
4219 696
4479 3225
1970 2983
2753 202
3842 662
4156 972
3905 3041
809 3034
1556 3067
3834 1544
1924 3653
3577 3858
3019 3659
1847 3493
4073 438
1748 2820
393 2157
2409 1255
579 3905
2292 68
159 2975
3161 3150
1811 2525
26 2561
351 4048
1169 2190
3782 1820
1948 3560
3451 1926
615 3099
3015 793
818 2556
1034 713
1982 1097
3026 1155
1100 3561
1581 2863
800 109
4133 1733
631 4188
4037 2927
3882 4375
3918 1630
2492 2967
2878 2936
4303 357
3532 3157
126 234
1974 2132
1949 664
1472 4108
1534 4186
1340 1371
3620 2256
604 3604
890 2328
3151 284
11 2911
1177 1899
2755 4125
3655 4331
1465 3476
3241 2475
65 4011
1918 212
4263 471
2238 2204
3506 1029
4137 2285
3191 2519
1659 1133
3773 3781
4455 546
1948 3086
3095 757
222 2378
312 3313
4260 977
252 632
4073 324
4061 841
763 1850
423 1200
979 2343
1543 3904
1952 1497
1830 363
250 2314
2919 4461
3903 142
2505 3942
3504 4370
3659 2108
227 2647
151 4346
1852 235
4391 2513
3788 1247
2668 2527
4432 2015
335 3717
2701 1100
2527 3269
352 1766
49 1048
2734 3952
4365 4339
3421 2045
2500 679
1794 1185
3718 1037
2739 3197
1772 3350
1936 236
741 588
2490 1625
1308 4306
4087 1686
173 2676
4429 1377
1066 1120
756 4482
3647 3979
347 422
3731 482
848 2830
3104 4344
721 3924
935 3656
3518 3214
3449 2590
3769 235
883 2030
3802 222
1741 1897
989 543
2789 2624
4220 2345
4236 1079
2037 1520
4168 2161
4338 2542
120 367
1704 4273
4169 95
533 2315
1634 1072
4312 3491
2032 4125
1808 86
2143 260
1879 2081
2361 2961
937 2159
3633 1174
286 3094
2168 406
3432 1853
370 292
1740 3132
1345 4229
149 1488
1737 2071
2419 3075
1964 1632
1857 2805
2529 3606
452 1043
1375 882
2264 3171
204 3416
1016 811
1829 772
4459 3888
177 1116
2114 598
3443 2758
3295 2309
2595 1352
640 681
4074 3091
453 797
4413 2254
2146 2122
3667 1113
70 4335
1781 839
882 1894
1280 2588
656 3995
295 3115
379 4385
1304 85
967 4417
762 440
3364 3562
4161 3111
2034 756
3749 1541
1249 4277
590 1791
283 3101
2660 1604
772 2729
567 1710
3055 3880
1083 3542
2509 3937
4270 24
2037 2558
403 4031
2972 4471
1095 2347
2385 832
2493 3869
3077 1315
2936 3270
333 3043
1745 3078
2948 4390
3557 284
4022 3131
1093 40
3771 2507
1544 1334
803 1992
3449 3810
1539 614
1492 3559
2431 593
834 1594
748 1589
127 1915
1283 2197
1023 1257
1753 1935
1889 1537
2919 893
254 1561
453 1723
3111 2897
3827 4301
2764 3900
4123 19
2946 2024
998 1097
3642 3160
3581 1495
3711 4112
1751 4274
3005 1741
2968 4142
1173 2293
1648 383
4430 913
3530 448
1832 225
3460 3957
1898 160
234 4142
557 202
283 4311
830 4403
3987 895
1443 2725
1893 1086
4391 1900
2445 3040
3463 4036
1382 1853
1635 468
2761 1043
3348 3732
1325 1782
2549 1253
2183 3504
1884 2223
1970 1846
3622 1768
2938 293
3297 13
1841 2723
3070 326
4262 2045
1039 1732
4076 2204
1278 1196
337 3906
4107 2683
117 3446
3104 3422
778 2456
703 3892
1609 72
1427 4061
292 3927
705 4418
3393 3950
2356 2592
2503 2009
3080 2658
1416 3904
2599 1224
3592 48
4483 368
725 3663
689 728
2255 2227
786 1256
19 4061
2519 2065
750 1488
948 4089
2449 3402
1076 814
1878 1628
3677 599
505 1457
2305 695
468 2177
1194 4462
1459 3115
4265 634
4333 1885
4392 2112
2747 3303
57 1317
3324 3179
3351 820
4337 3317
4345 2094
2889 2288
636 346
2246 3457
4306 2249
1996 733
1123 2199
1540 114
272 1290
2627 2278
1236 1816
2118 2519
2761 568
1784 4229
3170 3305
2092 3745
4092 1655
1687 2594
4152 3898
3553 1028
4384 718
3443 2001
245 1888
4482 507
1331 2465
429 1065
1505 654
3165 3691
689 1368
268 2707
699 624
2791 749
3224 1574
3202 2475
583 3597
3067 3662
1075 3707
3132 4188
3428 4453
3809 2229
1339 2384
581 698
74 104
3296 463
3420 618
4312 2988
1858 3222
263 1358
4022 1922
3329 793
2445 4328
4045 2557
3782 609
1988 230
2558 2010
2744 1624
2308 4118
120 770
3421 1392
2943 4477
786 3544
3272 2683
2578 2775
1124 2329
3061 2554
2469 4266
757 1557
2816 48
362 3274
4095 3798
663 2804
4006 519
2178 2503
4229 2918
577 3475
1602 270
1235 3113
3678 1848
279 1021
2875 997
4316 3899
1415 2022
788 310
1581 4198
3272 1718
3611 131
1150 657
3319 2426
2028 2836
4462 3290
3108 2731
1301 1630
3719 969
4327 4349
1213 1502
1494 2258
4314 4225
1058 121
1362 2482
3558 2766
4372 1559
1034 1602
2451 3367
1632 2028
2048 2244
92 3349
1542 3917
2695 3431
686 569
3519 881
2496 1299
2078 1611
4325 1582
2059 3978
219 2198
3336 4334
1891 1923
108 4391
3916 3023
3569 211
1806 1000
864 4139
2339 2067
1684 2207
2176 4426
1896 1578
1225 3685
4456 69
3014 1742
665 1145
3943 3563
4007 4081
3785 4285
4007 1460
1931 3078
2834 3239
624 2650
3388 3405
3115 3524
1614 4162
3956 4468
1453 1511
3127 2067
2558 32
2714 1160
1190 2061
3529 605
3919 3958
989 2483
2553 342
1656 2692
4049 1439
1566 3371
1851 2640
2448 2802
4231 2134
3223 1841
2949 2461
2515 295
798 1914
2595 1738
2161 1321
3788 2704
2730 254
1277 54
1934 3777
3749 800
2934 680
4348 1546
1578 2653
1420 3296
4001 3983
2801 29
3685 630
3032 3392
3156 4131
1334 3472
1214 490
2151 1549
4415 2570
4131 266
1315 1225
253 4064
1404 420
2579 1793
527 2012
3955 3783
229 3284
3522 2163
3063 28
2805 2583
610 2571
2208 894
2062 962
1789 3474
974 4279
2677 4189
593 1677
380 3497
4210 1813
3427 1661
1126 4289
3425 1513
2808 3898
3370 3170
1066 3931
2419 3522
1558 1170
1743 4227
2485 4367
3624 3776
3472 2571
324 1280
46 4497
235 2733
1891 1477
3419 322
236 4026
1590 1926
3756 2985
8 555
351 2867
822 665
2466 228
2403 247
3227 3116
2647 2359
162 730
120 1427
18 2449
762 4384
795 3135
1176 3330
3555 1875
3720 3044
2599 2678
2362 1487
3401 1894
3325 960
4462 1958
313 2030
3270 1653
713 2900
4131 1631
668 3791
2796 2246
3018 990
504 1528
3988 1534
3109 988
2784 1354
2940 3263
2053 4011
3757 3889
3970 3338
254 3312
947 2832
3144 3970
773 766
1231 3856
2216 2884
982 3189
2242 1556
3795 8
509 2081
2277 3887
2366 2779
2270 1299
162 719
2470 1598
706 1190
1749 1300
2757 4053
4179 472
4492 629
208 4000
785 3038
459 3586
1874 1211
1164 1915
1964 3309
1851 1991
4364 2053
2934 2135
2598 177
1297 3699
2619 287
2229 20
4045 1831
3973 1757
286 4287
1903 3351
2375 116
2077 3710
1546 3216
647 1745
2316 1309
1743 30
4375 1861
4182 901
3487 2351
1255 2095
2004 4353
3250 4447
152 3021
1185 3057
625 3536
3091 1615
4180 2419
1098 3866
3439 3141
3376 3291
51 679
4482 1827
4101 4436
4439 1452
3276 132
475 693
5 694
185 1520
828 2089
2946 4310
4153 3966
2982 2879
4318 1155
688 365
4336 2242
193 1624
1302 2634
88 1624
2465 1971
2470 4072
921 1406
2073 2417
1446 962
488 2452
2161 3599
1616 2359
1978 3697
1038 742
1260 2502
619 2657
2601 240
2043 2624
3311 2296
4128 1331
2986 2154
1937 4331
1784 1390
1756 237
372 1082
4066 4213
3232 3249
56 3639
1596 4336
3227 3127
933 1421
1898 2313
2911 2840
1285 3427
2404 1063
3833 1751
4134 775
173 4188
4291 836
3808 1933
1216 2839
2576 1043
135 717
2652 2023
3101 4370
1940 1142
2706 1046
4372 1993
4029 3351
3763 925
3665 3776
2569 3930
2391 1490
2417 4028
1192 3099
735 4463
1330 489
1814 3311
1997 2652
749 822
2158 202
918 4204
3062 3924
1697 2191
146 2500
1849 3335
1427 1466
433 3772
4152 1220
3261 4042
3523 1111
4439 1405
2068 1090
3566 2596
1407 2804
3005 3509
2994 42
3419 3192
3735 1666
2385 2876
1592 886
3092 2143
1145 2547
1493 190
3962 827
2487 1298
2402 2544
960 3617
1161 2037
4350 2459
751 3147
1443 4155
2252 2617
1350 4312
488 309
1353 828
1694 1874
916 4198
3291 26
3553 3409
3513 1472
2060 3427
3053 825
1307 4318
3729 730
2583 4449
2840 265
3387 451
1968 2613
1791 3128
605 3093
2187 2003
3912 2904
1485 3113
90 140
33 1459
2557 1737
1623 156
3585 2859
2286 4018
1327 720
4299 91
1450 3702
2338 386
492 1564
788 4307
3557 3397
2458 2329
3428 2877
2807 1046
1156 446
4011 2459
1276 1608
874 4077
1536 3940
40 1290
3187 2277
461 3206
1226 3486
435 610
2627 2917
4057 3789
3082 2574
3536 2309
3065 2351
1919 1504
3703 3383
3352 2032
2449 4257
4144 271
2807 1514
3052 1721
834 2229
1455 3105
3592 3795
4202 2020
2641 3443
1896 3471
3174 2662
4009 119
1625 633
1712 628
4149 2931
2695 1716
3526 1329
221 2257
4131 2305
618 2335
1859 3852
4246 3941
4387 2816
1665 844
1795 4285
3606 1495
3124 595
1455 2749
4469 1167
4281 390
940 1840
2402 2784
4189 943
275 1598
1157 2155
477 1793
3465 300
1016 1484
765 2027
3754 3530
3346 3458
1411 539
4368 2104
4396 2332
3262 2409
1981 1934
3089 1695
3991 1390
773 2704
2974 3580
1236 3420
2650 1843
319 2533
2315 2593
1088 411
484 3458
2868 3742
739 2077
1898 1740
1367 4187
3535 719
1271 117
3079 1287
4115 3876
1527 3873
2190 968
1004 1820
3321 1051
3541 2191
246 884
865 2750
2646 3934
3520 2274
1922 1108
2418 2163
1200 2287
1819 4010
884 3934
3236 3686
1896 1583
844 345
2578 1064
1218 4063
3091 2812
2335 538
1132 3524
3214 3650
4364 2542
618 472
1200 3252
957 2903
2086 3730
415 1813
2765 3467
3580 1022
2876 138
2739 2641
1810 3734
2138 3486
1650 260
3626 4410
1345 1374
840 3701
1181 3008
1232 2453
2359 257
3456 3478
1568 1191
2805 2336
3464 900
4416 1866
3801 4101
4072 2801
1152 2372
3582 3530
4190 77
1740 1175
1596 3257
3402 84
4330 1682
3149 1008
3065 1434
3850 3240
153 1671
3630 3075
2569 4099
3690 222
986 4318
1566 2921
4158 4171
2946 4071
4183 2857
977 4311
1424 2440
4114 170
2991 4326
1548 3153
3207 1505
2132 1908
3673 1238
4254 3625
119 2593
3138 3493
1998 1129
2134 3579
1679 3076
2663 2861
113 2844
1614 3215
1897 569
3055 3933
2281 1204
320 7
3365 1459
2548 2850
2160 3218
290 1672
2928 1769
1906 862
357 719
3407 1334
2757 2145
1107 1356
4462 600
274 1048
3098 2727
3904 4007
3092 2856
4266 2827
1460 2242
597 2600
666 988
3152 3323
684 258
1822 421
2916 2254
1810 4425
2816 1612
2687 3276
2746 3338
354 1690
2751 3850
528 783
1228 1159
4245 3599
1375 2596
4494 3468
1200 1348
31 1358
4259 2911
3116 3375
274 1190
1146 2766
1450 2034
2975 3221
498 3364
627 2863
2660 2577
1969 3076
2273 2292
141 4166
809 2522
3785 3357
1374 3979
4404 88
110 4243
1939 4248
465 668
3791 3928
1153 1705
379 286
3190 11
1400 2996
3828 3725
1175 3984
1265 2979
2230 3332
2933 1510
1012 2618
1016 2870
2683 2897
2972 3354
784 20
1050 3406
3304 4104
4288 1519
2248 2067
826 2439
1957 742
1813 2336
4027 4035
1544 2464
1978 4172
1614 598
1095 1366
3654 1547
1778 1920
4095 2431
340 3492
4136 3126
2307 1025
306 2074
823 3476
2848 1852
3719 2536
3365 2506
432 1285
2073 2005
204 1205
5 3391
2352 307
1587 1076
1658 3491
1746 3169
2373 1196
3883 644
1154 3286
2611 3225
905 2894
1427 1049
3295 3664
607 2142
788 2808
3019 3723
322 4028
850 652
2108 930
2453 1636
166 2059
1746 2954
3070 466
2431 964
2820 325
2437 884
2295 3720
1344 3204
2619 1414
1749 162
2341 511
3034 961
4372 2347
631 4165
4465 817
141 2843
2194 1443
3775 3395
1562 67
83 317
2207 3398
1126 2905
2203 2927
2655 2394
3160 3073
615 2786
4095 2347
3827 2034
129 843
357 2270
64 1735
3892 3017
4433 1610
4188 3296
4338 3296
2746 917
919 4445
1835 1212
1335 4390
1794 2239
1558 2700
1800 850
1351 1866
1746 4033
19 745
1362 327
602 1230
3622 772
3795 3398
357 3804
2533 240
4181 931
4211 3169
1217 1054
2967 2694
730 2631
4247 1768
2294 279
132 9
495 1936
1557 2920
4007 3424
2811 750
2605 1046
1809 503
3620 2522
3208 2755
3456 549
15 1559
3634 3354
1398 1294
4035 4496
1207 3111
3621 3258
1235 2445
3275 2956
1896 2905
2980 2654
596 1131
4037 3322
2885 68
940 3229
1230 1760
260 2320
286 2471
931 2849
3187 1663
907 4373
1593 4183
965 4142
577 4421
950 114
95 2708
3083 2649
2935 2017
4389 4363
3478 845
1956 3376
2660 3336
1141 946
341 4158
335 3754
1640 1553
1229 1312
3077 4249
1744 4031
1070 280
2103 902
1883 2282
3879 3476
2105 2641
4087 3630
1011 2804
583 4393
4178 307
3900 2969
4450 1614
280 1661
4199 4124
2848 166
1474 2274
3212 1727
1049 2000
3361 2145
519 899
4431 2126
4102 1503
541 2406
2776 3463
3228 187
3795 4262
2172 1056
1413 2974
4110 2860
4151 112
2644 193
3933 4257
2477 670
4148 1656
4232 1865
2824 467
4409 4350
2409 3823
1998 2820
1186 533
2390 3611
1057 1695
3820 4381
843 706
2226 3106
1686 2566
1529 3250
793 423
4232 2234
2069 2164
787 758
1700 1992
2057 1302
93 1944
384 711
1711 653
3465 974
2025 4158
249 867
1591 2438
2467 3120
1997 314
4440 2496
804 2329
3292 4494
2629 2143
2670 1001
2509 4111
3398 3684
1254 1915
2880 3648
1949 3558
3407 1330
49 3546
3564 870
2852 1024
1351 4332
1690 1986
154 695
1156 3688
4126 472
4357 3598
432 2100
2797 703
906 724
3701 2355
2578 972
133 1495
824 217
1334 4313
472 3331
3683 1527
4219 1589
3107 3930
3375 1417
4234 2823
3875 3537
2826 2912
1678 2940
1275 642
4154 1989
1604 2216
3667 3443
427 2197
4076 555
1380 2252
3061 1749
2877 353
3836 1074
4315 2599
1217 1848
3150 2351
494 968
2011 1343
1123 184
1710 3279
3175 3087
1420 2280
2919 3343
1899 1436
864 989
2382 2715
3052 4490
2954 4030
1426 3281
2899 73
12 2929
3480 371
1798 7
1486 905
1651 636
3434 2343
2978 1142
1166 4357
3578 2317
2591 2521
1959 4088
1907 1926
4249 1551
3483 2493
2400 458
790 1264
1143 1655
718 381
2091 2595
673 3455
2885 2036
657 434
4365 1739
2234 2548
658 3828
2509 4251
4388 1529
2369 2534
2424 2487
856 3969
3999 276
1621 4484
2620 64
1394 1552
169 2211
2 3946
3793 3883
3601 3148
668 3336
4077 1224
3133 1612
1734 4448
960 777
2697 1752
3668 4018
1509 1950
2296 3727
1598 212
1179 1646
4266 3673
2426 896
1583 2267
2540 2841
774 3712
3966 2271
4422 368
2804 378
2961 686
3523 156
4130 2111
2686 3189
1683 2483
3120 1378
483 207
1197 1400
1993 1037
1586 1706
823 3479
1240 2274
1675 4094
658 1031
165 246
1468 3489
351 1223
3145 3851
60 2205
337 4128
1071 1775
2300 911
930 3346
3231 64
540 3738
562 622
3004 3946
3940 402
3857 3921
366 4415
4383 2252
512 3282
571 2592
1524 793
289 795
4313 3981
1412 841
4166 83
866 352
127 4116
2950 1062
3028 852
3467 1626
3075 1656
1571 4173
3870 1278
3829 3894
1774 2283
2878 3241
2477 2140
1394 4011
3307 3867
3289 2457
2053 560
2015 2900
3208 4195
3064 4084
1895 4428
4156 4089
2609 1100
1903 1641
836 2362
3412 1536
934 3107
1380 1033
3943 165
4198 4106
3980 4328
2230 1437
2932 4114
3802 3457
672 3428
767 2658
4016 4360
1720 3013
424 2791
4282 1722
2367 3855
4321 682
4023 2920
4495 3589
3591 2214
1834 1572
4495 803
3527 684
3497 4498
842 3537
3859 703
2151 2495
4469 2840
3262 3198
837 1807
1961 3063
1304 689
1853 3629
1801 4143
1583 526
2409 571
2809 1929
2858 616
3046 2067
645 437
1758 2176
31 2138
3216 630
1502 3932
2904 734
841 3873
3560 3340
152 2834
586 3425
2450 1050
409 1149
1878 4499
2774 1582
2064 3860
1750 2981
3850 3321
3920 1873
3176 1237
2657 69
4107 1033
4272 2354
58 178
3918 6
1248 654
3448 2204
152 3773
1674 3321
168 1478
3297 1454
1399 1960
3866 3894
2184 1400
189 2639
480 2985
2504 3463
1465 3545
3899 4358
3001 837
259 559
4346 3053
1887 260
568 1229
3726 1471
514 2700
1466 2704
3567 2763
538 3456
3702 1903
662 4144
506 1033
3664 1631
1736 3310
1522 1116
4453 1807
4351 961
2786 850
2210 2130
819 2444
2297 3822
500 1721
497 2552
2635 1961
3280 2020
4009 3754
2940 165
2449 1304
2176 69
3420 3871
3374 4221
1259 4147
3235 161
1190 721
3434 391
3633 2537
824 1354
3483 854
2698 1149
2027 4140
2637 2123
2425 1891
380 2018
4348 1546
1035 637
577 1852
4042 3096
3694 2079
1143 4180
4059 610
4232 828
3000 2588
1448 4274
974 3126
3396 2957
1771 973
518 2554
1827 3160
102 1168
1025 790
2949 2642
4331 3777
2454 884
1370 3546
744 2750
2987 3336
3402 2595
3094 1679
329 2697
1108 3224
4122 3455
877 2361
2764 4327
1171 3953
2399 659
3331 3865
2201 3339
1667 3995
2434 1175
3718 456
963 3626
2062 1971
2887 3035
981 478
4105 3157
2378 1468
3711 4068
1113 1523
4026 1361
1663 1459
2631 2321
3359 3737
3899 1896
3746 3609
806 1092
1825 474
2763 3646
4293 1111
1408 1828
3718 4317
3273 2623
1424 2067
2522 4395
281 2133
4064 1407
1013 2915
2528 1720
320 2825
3488 2484
1411 4299
3209 2667
293 531
3280 1028
3717 2576
3342 2168
3671 2511
2912 886
1160 1563
1598 1659
2165 238
3521 1480
887 874
2031 1164
2002 762
1477 1476
3574 732
2325 2632
2619 1093
1805 1235
1292 2878
147 326
2793 4079
3632 1909
3986 2041
2664 780
1478 1580
2893 3566
1676 4034
1326 1302
2495 1535
3619 753
3126 1479
479 1700
2547 3340
2136 1777
997 3711
380 3493
4354 883
1500 1110
2272 3866
3945 669
3568 2628
3408 1007
143 2573
2725 1977
1371 362
2555 895
3282 1240
1916 1826
865 3199
843 14
2193 3558
4336 3829
489 1007
583 2253
3993 1419
3461 3241
707 1587
3854 63
530 622
1447 1676
4126 864
372 4370
4277 2322
377 3380
1235 2301
3325 386
1955 1763
3366 619
813 1588
1034 2207
2045 3848
636 3568
125 3263
190 3982
2326 2863
1290 3719
4412 410
1184 1577
3568 1981
3266 3697
2098 14
1976 2949
2710 2864
3691 3732
4164 1999
2769 171
2422 2296
2332 1653
1664 525
2643 924
3859 1273
331 4344
1560 1980
2 961
4220 110
3807 3339
2356 564
2635 2452
3980 2110
258 1216
3483 1369
4028 695
2256 3155
1377 3492
1208 1415
838 2600
2913 174
1752 1477
2016 1139
3955 4064
1013 1823
961 3347
3744 2121
4323 1694
3368 435
791 1503
3654 2449
3244 441
2654 4056
3001 4082
127 3463
1907 2724
2222 229
2795 1415
3329 2409
3057 1349
3272 3908
1059 3222
1288 1313
3954 1548
2116 3129
3747 1560
1174 2719
1565 3819
758 3460
4000 1632
197 1957
66 263
4321 812
4318 4265
1149 4177
3791 4434
2512 3185
2273 4124
2921 3525
2839 397
4150 3055
3572 2773
2192 2973
1481 425
2291 3711
2498 273
3479 4138
3907 839
1277 2917
2755 2279
4474 195
3972 1866
1507 3717
1945 3404
4125 4126
4181 4462
2578 3347
1601 4471
3269 2733
1563 277
836 3882
41 3292
1660 2833
3952 3931
1647 3504
2406 647
2975 2658
2210 1729
2365 3184
355 673
1921 4199
2915 661
3618 1605
1620 749
10 1286
3015 2242
2302 4205
1329 1629
1925 3001
3636 992
859 1539
1342 3347
3374 1744
4461 1407
2559 1801
1160 439
4443 3446
1916 1000
2066 2411
1539 3786
3573 3410
4269 415
1316 2262
293 2517
3668 4228
4068 3192
2637 3766
105 4469
956 2412
1219 1108
1680 2306
12 3371
3196 3687
1300 1015
1052 359
3446 4378
547 2219
111 1495
3573 3653
659 2693
1618 1049
1615 3764
2987 2011
2499 1977
3028 4162
542 3740
2339 1887
4301 625
3135 314
4432 1374
41 1095
4104 3645
3542 1014
3344 3618
3408 3798
4067 1273
3970 3307
3702 734
414 4233
992 30
2693 117
4117 2432
1457 870
401 2945
2163 2854
333 409
9 1210
446 2213
2766 1064
1644 1579
1465 2458
4115 3971
4448 3716
603 3590
2194 4077
65 3896
3841 4070
890 1771
