25
18
721420288 237019472 61603840 616038400 49201024 495296512 928013509 994902016 203423744 990720000 741143602 797966336 826277888 455018752 954693088 574630712 692694772 578813952
27
420028416 485978990 444679680 156237824 788529152 536870912 3208448 371804832 252474685 746859520 281018368 637534208 838970352 494970880 712800120 332201984 605814784 134217728 738197504 502571648 746566720 238583808 975175680 528482304 102649856 268435456 937951232
18
730988544 303038464 199000064 872415232 536870912 938622976 234881024 405918016 76309248 160625560 754974720 287899648 671088640 543162368 464410566 250191872 825339791 933756928
16
729808896 250871808 926941184 660627456 268435456 979894272 710038528 723723928 509739008 809834803 536870912 671088640 494582094 741490688 789479424 799412224
18
805306368 237810796 682580992 965916672 103909120 650008960 757115536 892633088 339746816 840086976 712769536 788529152 637534208 627572736 599004672 648587038 22085632 872415232
30
308264960 671088640 175982016 830729306 600949248 315097088 327155712 889192448 197132288 150970368 536870912 852495172 750995953 259719168 374137184 201961472 998899712 831228072 972040192 201326592 738492416 575406080 512753664 596903808 503316480 99034736 811250432 805306368 306179072 803209216
21
134217728 748011520 268435456 144626316 310378496 520093696 469762048 930611200 947073024 979987080 169691136 653109533 732675520 592183296 331350016 550009856 103077712 831142400 436207616 536870912 458483968
13
217692616 222035968 861106528 14695808 268435456 616759296 718911760 100663296 536870912 255687652 858652672 826277888 679054592
16
531205136 996147200 169179520 603979776 806840832 398196736 461963264 170687194 905969664 153001984 214040576 555222272 880231424 46137344 268435456 1270059
25
427617280 200903168 694679360 805306368 878706688 265289728 869793792 509329104 864840959 887256182 758974848 902187936 120748032 536870912 699031064 704643072 504430592 901644288 451079936 218103808 52391936 335544320 671088640 985399296 25526272
26
515006464 436207616 323152768 230424576 447066320 38273024 536870912 390231626 454285312 67698688 160982752 511705088 813223872 536769280 804421632 910946304 738197504 671088640 874679956 271335560 83886080 480664576 896401408 927842304 817057755 993001472
10
524786072 650379264 46222336 36757248 369098752 620756992 268435456 830481441 599449600 39326672
19
134217728 536870912 106322944 677117952 773255168 900169728 344454912 713555968 415707520 823934976 365363200 979763200 677470672 805306368 342174144 434690834 16940544 606403816 548677632
6
987406336 332772352 16777216 884408320 76360960 412143104
30
67108864 565039104 474775552 305397760 19818496 436207616 355467264 769489298 574916112 836278400 723468536 664548352 693567488 268435456 536870912 41943040 137887744 180355072 760184636 495083360 692961280 771533312 183139584 788529152 958493504 772044835 715661312 324927488 671088640 614465536
3
40632320 738197504 236453888
13
553648128 830215200 230087396 673933710 799539200 241172480 281575424 673915072 393129472 855731256 536870912 423624704 125829120
27
350314496 402653184 177143808 956984090 823062528 201326592 362283008 450480179 399507456 432275456 457539584 352321536 761128736 414422400 985661440 155445760 750565376 287898396 360710144 848419072 302718272 186597376 536870912 220200960 229507072 805306368 971290288
18
201326592 135469798 568942592 276824064 899500032 802324608 481846011 848581632 183500800 63310552 121094144 204103068 466498736 171966464 844627968 297140224 384921600 87097344
5
562036736 887095296 536870912 681050112 121535488
23
937025952 308932292 536870912 60981248 924527152 109051904 847091456 742813784 671088640 829890048 574029824 967311360 872415232 83886080 71303168 726401024 696989696 757115904 138780672 678150144 132775936 508489728 467664896
15
601882624 64290816 813694976 952227256 830038016 781189120 352321536 268435456 415236096 53603584 892469248 939524096 367387424 704497680 789748096
8
451104000 394292552 286261248 469893120 18143232 199585101 320675840 671820540
21
400570880 633208250 251742208 607689204 653776107 963259392 93585408 911736832 12992512 939524096 905969664 322994176 344237312 717225984 408480352 790996352 208666624 536870912 603979776 281993216 522540976
14
158363648 584099852 187613184 674234368 276824064 736508120 977797120 685768704 541785679 665627712 616562688 657992794 268435456 682319872
