25
13
400063488 608643264 126330624 986464256 622854144 587202560 93061120 814743552 999909248 626329379 233340928 939524096 607391744
23
23335208 51904512 940285952 704643072 125134848 921937280 677380096 945563392 804859392 600900064 536870912 891653075 613580800 899937280 478150656 391774208 335544320 808714240 148155086 823050240 333250560 589060716 492400640
16
283115520 60398774 708837376 324403200 34603008 256005112 451444736 140183168 100663296 507408384 562372096 805306368 712890000 335544320 238551040 890511360
16
752222208 30670848 937662432 508101913 456190384 225165312 616798912 939524096 33692172 987780096 276824064 775946240 890830848 732127232 500010752 387973120
22
402653184 652771118 727056384 948385984 908886016 988967856 964689920 816316416 899448704 577770400 589840384 242200772 805306368 915187712 80748544 783175680 259325952 309113856 105375488 663486464 369098752 956301312
8
393936896 820570860 536870912 578813952 551739392 7733248 9961472 609463296
13
206569472 951713792 402653184 399867904 716303872 968884224 92274688 358239536 763740160 67108864 385875968 110273792 289267712
12
536870912 537210128 31457280 494927872 817680384 253340672 402653184 505106533 637534208 352321536 560463872 483704192
13
273874944 349809728 519569408 536870912 882139648 499224500 231161671 603979776 184549376 440867608 33554432 798651392 616562688
20
873935304 620829857 150729966 134479872 759436288 156483584 436207616 268435456 722468864 150994944 286098176 281018368 372768768 124289024 606817632 536870912 908641984 539099136 488919040 154854260
15
994678670 417107224 268435456 863048640 258820096 30485872 738590720 134217728 470024192 871640576 736100352 33013760 753248369 843055104 830406656
4
735165760 33554432 636995964 309108736
18
607674368 585629696 612368384 614300322 408087548 516921344 957209704 782286848 298132448 475622391 905969664 833045760 717291520 201326592 929635056 444273152 268435456 151720128
7
501219328 709517253 658505728 99614720 628621312 145620992 822530240
4
939524096 490864640 485254752 188025856
20
570425344 642413019 60041856 678428672 889192448 173621344 653000704 657376256 686857728 672131072 802938252 228193982 819924992 805306368 171057152 768853944 469762048 939524096 179676928 739966976
17
20709376 402653184 137501344 289406976 603439672 520093696 883900416 811231232 909285002 627048448 25645184 738197504 29261824 349175808 916553536 912963173 698340096
5
897581056 536870912 268435456 841547776 520093696
5
66355200 139528496 329383936 230026012 671088640
10
773510400 47513600 584448000 791307234 728145920 507510784 690670784 855638016 212336640 642630784
2
33554432 337117184
2
878182400 536870912
23
922746880 270073856 268435456 224526336 732090009 15228424 386400256 346726016 714307584 644874240 834662094 540736256 273406464 222407904 938489808 931135488 748363776 920976384 738197504 537579520 294076416 536870912 822310804
15
962391661 476053504 385875968 234881024 402653184 526458880 528482304 548143104 536870912 196083712 454426624 844824576 249635584 308626144 404279296
23
931696640 727809085 637534208 268435456 39084032 954260480 293196080 534595072 629306876 401449568 432822912 536870912 61472768 810729472 571998208 229140766 367001600 612690688 922746880 201326592 403701760 134217728 815589376
