25
21
981442560 761850880 94371840 804257792 758781524 20648650 822083584 339779440 284279245 511705088 369098752 267706528 452542464 180355072 790225152 473006080 393740288 939524096 645444096 381718528 536870912
26
788529152 530210816 988807168 67902272 201326592 831309383 805306368 763543332 400211968 332403456 4194304 486789120 506986496 536870912 484933632 727753106 891092992 576716800 939524096 40329600 847547392 946120704 472744936 444596224 316995984 771751936
29
468975616 841612928 442098880 268435456 356122624 386548992 519224832 536870912 935974095 67108864 172490752 955252736 829473904 827999232 184549376 588578816 383778816 611090432 402653184 637534208 806330368 322256896 520663584 246064584 548234682 926941184 729808896 396908544 224697068
17
642715520 268435456 723943424 285552640 808106208 637534208 226225920 399215659 46137344 848297984 359249810 737935360 357629952 67108864 397934592 145620992 781656064
7
647144832 929300480 516639168 282283008 629145600 603979776 805306368
7
755105792 867991552 202424320 671088640 942075048 614914048 680871543
21
193474688 762757232 782057472 33554432 674775136 134217728 502599680 106954752 883949568 982319104 789974528 120291328 454426624 536913496 887188155 565427036 872415232 229204992 770226134 600201216 678216640
22
201326592 240648192 153038848 79691776 362274816 251658240 597704360 151043072 134217728 713687040 838860800 999030784 301197888 149765533 915406848 908285184 650888140 423893504 650814608 964699776 954040320 890175488
18
694419456 808058880 159383552 289344768 221629781 868417536 477068800 905969664 993820672 943670724 671088640 577881816 354418688 518511616 925016064 339738624 536870912 381575968
11
622917980 686806816 697632625 743391232 536870912 666894336 983707648 784643574 270532608 602471552 941741056
2
511885312 147771392
24
555089920 67108864 671088640 178096318 511705088 267593216 870709248 843055104 432383688 639918976 428056476 805306368 232259584 105021440 973078528 834391040 419430400 597628445 944160768 830820352 536870912 644391168 823205696 428539904
27
326631424 587985664 652476416 295567360 874729472 367468544 84563968 536870912 402653184 167772160 225869824 473956352 317260672 844947685 983731956 655687680 486539264 371771880 636485632 978842624 411041792 760496128 268435456 350372288 979369984 36892160 854133714
21
220102656 724434944 80135616 536870912 944435200 830685184 671088640 795539200 951255040 167629821 201326592 746586112 219606052 544106496 235929600 949223424 167239190 801159712 454519296 352321536 348127232
25
988807168 134907048 936418645 501219328 717881344 369098752 995901440 969383168 976859648 335544320 298319872 722263680 268435456 490471424 536870912 671088640 685914112 931135488 150994944 441384960 664698880 992023328 351645696 70970388 414681792
3
698569728 938203332 707936256
20
402653184 776994816 866065792 877746176 474618144 129701997 56411832 794117888 678789120 928217920 771751936 335544320 719323136 536870912 219440208 847249408 289538048 979894272 666894336 807993344
20
670561888 282769564 646971392 402653184 894169048 268435456 682819550 721420288 441712640 697614336 128778240 188142592 176291840 444596224 683730688 272629760 216006656 335544320 835261073 908156928
11
547840000 234881024 283666432 536870912 445120512 870262912 184549376 39845888 209715200 13647872 342622208
25
38893824 419430400 241486734 264128617 268435456 442874880 723763200 321016464 8036128 536870912 817846272 598343680 414239232 159383552 501219328 852492288 671088640 2717396 166461440 70150968 714768384 67108864 633339904 434163712 83558400
8
183532992 167772160 6488064 661065464 285474816 7073408 536870912 676692992
24
318767104 339738624 578879488 641204224 787572704 72588860 536870912 664690944 806270976 678690816 620265472 425721856 939952968 57425920 603979776 255655902 847485840 159383552 301625344 733938688 87778944 565600256 268435456 143654912
2
709367784 764829440
5
495732736 402653184 885522432 617938944 970744576
7
907362560 603979776 615875474 138412032 125829120 459720192 771489792
