25
3
717565568 732381184 975457176
3
973733888 872415232 305397760
19
268435456 716520448 838860800 738197504 964995357 310955840 264536064 690487296 346947584 143982592 536870912 326107136 929300480 370522464 74481152 799764644 910163968 55635968 606683136
7
402653184 141159296 478150656 429862912 389619488 618659840 850600704
4
503316480 149708288 587759331 16056320
6
180253933 645922816 618204608 398725376 117214720 905969664
30
22806528 731558720 201326592 607578882 290182528 134217728 417693696 10772304 217891840 160224415 938147840 205520896 848822272 812646400 536870912 268435456 86462464 385875968 17221632 310378496 439540224 27934720 673685504 995928160 961346308 188244224 771751936 635437056 166068224 595685080
3
402653184 93437952 992739328
5
360710144 570425344 790654603 268435456 806092800
14
524550144 652509184 671088640 433635328 42008576 909246464 640609504 511422464 603979776 562763776 765368832 500695040 450357375 31457280
13
800063488 294797824 218365952 268435456 351444416 225668096 715948032 469762048 210485248 292550466 822083584 536870912 637534208
14
351248345 66017280 61741280 402653184 268435456 49441400 394932224 341649600 189464576 951533568 515732992 529793024 859832320 153092096
10
841516432 952107008 795225120 718655488 596148224 988676096 822083584 930377112 234881024 993001472
13
850930752 234881024 378476544 752874496 237371392 37748736 662175744 917858883 603979776 249561088 581903600 268435456 634798080
30
614785312 561811200 203408384 379318272 357998504 268435456 331566128 998244352 603979776 251396096 225059968 277364736 600834048 522190848 271450112 217297216 570425344 134217728 325527552 536870912 910163968 364686848 851222525 460849152 536248320 286982172 63692800 822083584 922419200 414306334
21
17895884 962592768 578813952 781096929 94109696 838860800 308035584 914034976 817889280 620756992 834294272 404959232 899153920 536870912 581828608 405840000 39142336 681528418 268435456 389021696 643732480
21
394743808 754974720 499802112 562036736 673595392 292093952 953220096 896663552 696025088 966640292 50855936 134217728 805306368 536870912 96043296 806319127 505277056 348389376 868075338 195656192 219152384
18
402653184 268435456 475127808 833211545 527065750 597574624 746586112 93617664 516161536 505794432 536870912 793116672 905969664 687865856 303484928 794820608 223281152 952107008
25
49840128 384559104 805306368 171812774 783024128 546294912 236043996 939524096 499974144 637534208 977797120 201326592 419430400 7717920 533473216 902602752 536870912 541065216 124275216 637013240 642662400 774907648 975949824 824180736 438017024
26
522846208 881607306 134217728 994336768 282066944 536870912 46137344 742998016 587202560 165274624 234881024 127863296 186520320 332365824 904849536 892561408 375955992 455344128 54067200 465997824 860830400 302788448 115343360 934534893 713031680 872415232
7
979369984 402653184 419430400 522097152 447217664 356515840 709598416
7
776863744 553648128 167772160 268435456 484442112 851517440 578813952
14
960331776 683487232 527613952 233665164 462815232 445778944 849412096 402653184 882900992 381738312 575375872 872415232 614572032 33554432
24
268435456 282859608 156205440 71827456 813694976 446258400 882900992 887244800 312687280 905750016 905969664 496876866 96982592 201326592 149946368 402653184 536870912 658243584 3390464 409176320 486539264 862754313 70297252 720228352
4
671088640 155298736 117004448 83886080
